x	y	z	L	slope
368981.587276	7647075.277411	1739.000000	0.000000	6.319622
368991.331188	7647077.526006	1737.892556	10.000000	6.319622
369001.075100	7647079.774601	1736.785112	20.000000	6.319622
369010.819012	7647082.023196	1735.677669	30.000000	6.319622
369020.562924	7647084.271791	1734.570225	40.000000	6.319622
369030.306836	7647086.520386	1733.462781	50.000000	6.319622
369040.050748	7647088.768982	1732.355337	60.000000	6.319622
369049.794660	7647091.017577	1731.247893	70.000000	6.971396
369059.685849	7647091.972998	1729.917529	79.937225	8.066262
369069.685849	7647091.972998	1728.422467	89.937225	8.503344
369079.685849	7647091.972998	1726.927405	99.937225	8.429053
369089.685849	7647091.972902	1725.458849	109.937225	8.113925
369099.685849	7647091.972495	1724.076109	119.937225	7.872828
369109.685849	7647091.972088	1722.693369	129.937225	7.872828
369119.685849	7647091.971681	1721.310629	139.937225	7.872828
369129.685849	7647091.971274	1719.927889	149.937225	7.872828
369139.685849	7647091.970867	1718.545149	159.937225	7.872828
369149.685849	7647091.970460	1717.162409	169.937225	7.872380
369159.685849	7647091.970053	1715.779829	179.937225	7.507806
369169.685849	7647091.969565	1714.526666	189.937225	7.143071
369179.685849	7647091.969077	1713.273503	199.937225	7.143071
369189.685849	7647091.968589	1712.020340	209.937225	7.143071
369199.685849	7647091.968100	1710.767176	219.937225	7.143071
369209.685849	7647091.967612	1709.514013	229.937225	7.143071
369219.685849	7647091.967124	1708.260850	239.937225	7.143071
369229.685849	7647091.966635	1707.007687	249.937225	6.937601
369239.685849	7647091.965960	1705.827338	259.937225	6.669058
369249.685849	7647091.965234	1704.669246	269.937225	6.606376
369259.685849	7647091.964568	1703.511073	279.937225	6.716359
369269.685849	7647091.964378	1702.314066	289.937225	6.972460
369279.685849	7647091.964822	1701.065212	299.937225	7.118763
369289.685849	7647091.965266	1699.816358	309.937225	7.118763
369299.685849	7647091.965710	1698.567503	319.937225	7.118763
369309.685849	7647091.966154	1697.318649	329.937225	7.118763
369319.685849	7647091.966598	1696.069794	339.937225	7.118763
369329.685849	7647091.967041	1694.820940	349.937225	7.253681
369339.685849	7647091.967455	1693.524243	359.937225	7.952837
369349.685849	7647091.967742	1692.026993	369.937225	8.515607
369359.685849	7647091.968030	1690.529743	379.937225	8.515607
369369.685849	7647091.968317	1689.032493	389.937225	8.515607
369379.685849	7647091.968604	1687.535243	399.937225	8.515607
369389.685849	7647091.968891	1686.037993	409.937225	8.515607
369399.685849	7647091.969179	1684.540742	419.937225	8.515607
369409.685849	7647091.969466	1683.043492	429.937225	9.336560
369419.685848	7647091.970509	1681.252610	439.937225	10.189821
369429.685848	7647091.971586	1679.448701	449.937225	10.225924
369439.685848	7647091.972664	1677.644808	459.937225	10.113153
369449.548544	7647093.269310	1675.890881	469.884791	9.888186
369459.326629	7647095.364315	1674.167743	479.884791	9.777128
369469.104714	7647097.459321	1672.444606	489.884791	9.777128
369478.882800	7647099.554326	1670.721469	499.884791	9.777128
369488.660885	7647101.649332	1668.998331	509.884791	9.777128
369498.438970	7647103.744338	1667.275194	519.884791	9.777128
369508.217055	7647105.839343	1665.552057	529.884791	9.752374
369518.021827	7647107.784702	1663.838521	539.880689	9.630745
369527.921334	7647109.198835	1662.159068	549.880689	9.533868
369537.820840	7647110.612968	1660.479615	559.880689	9.533868
369547.720347	7647112.027101	1658.800162	569.880689	9.533868
369557.619853	7647113.441234	1657.120709	579.880689	9.910360
369567.538973	7647114.579483	1655.308739	589.864904	11.787896
369577.538973	7647114.580093	1652.950321	599.864904	13.270641
369587.538973	7647114.580704	1650.591904	609.864904	13.270641
369597.538973	7647114.581314	1648.233486	619.864904	13.270644
369607.538973	7647114.581945	1645.875066	629.864904	13.270657
369617.538973	7647114.582631	1643.516644	639.864904	13.270666
369627.538973	7647114.583318	1641.158221	649.864904	13.270666
369637.538973	7647114.584005	1638.799799	659.864904	12.813790
369647.538973	7647114.584334	1636.609409	669.864904	11.437289
369657.538973	7647114.583953	1634.753666	679.864904	10.513339
369667.538973	7647114.583571	1632.897924	689.864904	10.513339
369677.538973	7647114.583190	1631.042181	699.864904	10.513339
369687.538973	7647114.582808	1629.186438	709.864904	10.501616
369697.538973	7647114.582455	1627.334928	719.864904	10.469108
369707.538973	7647114.582149	1625.490921	729.864904	10.448321
369717.538973	7647114.581844	1623.646915	739.864904	10.448321
369727.538973	7647114.581539	1621.802908	749.864904	10.448321
369737.538973	7647114.581234	1619.958901	759.864904	10.873873
369747.523110	7647114.930960	1617.962959	769.855164	11.955839
369757.482090	7647115.835789	1615.726069	779.855164	12.609239
369767.441070	7647116.740618	1613.489179	789.855164	12.609239
369777.400050	7647117.645448	1611.252289	799.855164	12.623875
369787.350200	7647118.637761	1609.010145	809.854672	12.656437
369797.289119	7647119.741344	1606.761318	819.854672	12.674361
369807.228037	7647120.844927	1604.512491	829.854672	12.674361
369817.166956	7647121.948510	1602.263664	839.854672	12.674361
369827.105875	7647123.052093	1600.014837	849.854672	12.664084
369837.080681	7647123.507387	1597.773106	859.839864	12.631119
369847.080681	7647123.507570	1595.536356	869.839864	12.608476
369857.080681	7647123.507753	1593.299605	879.839864	12.608476
369867.080681	7647123.507936	1591.062855	889.839864	12.608475
369877.080681	7647123.508136	1588.826106	899.839864	12.608474
369887.080681	7647123.508351	1586.589356	909.839864	12.608473
369897.080681	7647123.508567	1584.352607	919.839864	12.608473
369907.080681	7647123.508782	1582.115857	929.839864	12.312020
369917.005674	7647124.303892	1579.997069	939.796655	11.549289
369926.829208	7647126.174237	1578.037844	949.796655	11.085446
369936.652742	7647128.044581	1576.078619	959.796655	11.085446
369946.476275	7647129.914925	1574.119394	969.796655	11.085446
369956.299809	7647131.785270	1572.160169	979.796655	11.827260
369966.154411	7647133.475010	1569.931703	989.795075	13.253720
369976.038242	7647134.994843	1567.449940	999.795075	13.938268
369985.922072	7647136.514675	1564.968177	1009.795075	13.938268
369995.805903	7647138.034508	1562.486414	1019.795075	13.938268
370005.689734	7647139.554340	1560.004651	1029.795075	13.938268
370015.573564	7647141.074173	1557.522888	1039.795075	13.938268
370025.457395	7647142.594005	1555.041125	1049.795075	15.441739
370035.413438	7647142.914785	1552.009178	1059.756284	17.671083
370045.408231	7647142.592126	1548.681989	1069.756284	18.415569
370055.402631	7647142.257694	1545.350239	1079.756278	18.437758
370065.396682	7647141.912827	1542.014446	1089.756278	18.415374
370075.390731	7647141.567879	1538.691375	1099.756278	18.290317
370085.384772	7647141.222707	1535.404037	1109.756278	18.197977
370095.378813	7647140.877536	1532.116699	1119.756278	18.197977
370105.372854	7647140.532364	1528.829362	1129.756278	18.197977
370115.366895	7647140.187192	1525.542024	1139.756278	18.197977
370125.360936	7647139.842020	1522.254687	1149.756278	18.197977
370135.354977	7647139.496848	1518.967349	1159.756278	18.233807
370145.349860	7647139.177622	1515.666157	1169.756258	18.291494
370155.345258	7647138.874266	1512.356491	1179.756258	18.313360
370165.340656	7647138.570910	1509.046825	1189.756258	18.313360
370175.336053	7647138.267555	1505.737159	1199.756258	18.313360
370185.331451	7647137.964199	1502.427493	1209.756258	18.313360
370195.326849	7647137.660843	1499.117826	1219.756258	18.448699
370205.315259	7647137.742715	1495.759458	1229.745003	18.764117
370215.293079	7647138.408377	1492.327284	1239.745003	18.943670
370225.270899	7647139.074039	1488.895110	1249.745003	18.967463
370235.251436	7647139.697028	1485.453665	1259.744965	19.001042
370245.233098	7647140.302361	1482.008383	1269.744965	19.759340
370254.870928	7647142.206385	1478.332663	1279.569072	21.469920
370263.844471	7647146.619493	1474.211733	1289.569072	22.396876
370272.818014	7647151.032601	1470.090803	1299.569072	22.396876
370281.791557	7647155.445709	1465.969873	1309.569072	22.396876
370290.765101	7647159.858817	1461.848943	1319.569072	22.396876
370299.738644	7647164.271926	1457.728013	1329.569072	25.155015
370309.727336	7647164.320540	1452.462401	1339.557883	27.911223
370319.718717	7647164.113414	1447.143265	1349.551411	28.291134
370329.684147	7647163.282623	1441.701361	1359.551411	28.555450
370339.649577	7647162.451833	1436.259457	1369.551411	28.555450
370349.615006	7647161.621042	1430.817553	1379.551411	28.555450
370359.580436	7647160.790252	1425.375649	1389.551411	28.555450
370369.545866	7647159.959462	1419.933746	1399.551411	28.555450
370379.511295	7647159.128671	1414.491842	1409.551411	28.555450
370389.476725	7647158.297881	1409.049938	1419.551411	28.555450
370399.442154	7647157.467091	1403.608034	1429.551411	28.282537
370409.402842	7647156.584589	1398.289443	1439.551116	27.403188
370419.353176	7647155.589171	1393.240117	1449.551116	26.791487
370429.303510	7647154.593753	1388.190792	1459.551116	26.791487
370439.253844	7647153.598335	1383.141466	1469.551116	26.791487
370449.204177	7647152.602917	1378.092141	1479.551116	26.791487
370459.154511	7647151.607499	1373.042815	1489.551116	26.791487
370469.104845	7647150.612081	1367.993489	1499.551116	26.791487
370479.055179	7647149.616663	1362.944164	1509.551116	23.278295
370489.027751	7647148.884412	1359.389643	1519.550536	18.931205
370499.004595	7647148.204365	1356.084881	1529.550530	18.283419
370508.982415	7647147.538695	1352.781906	1539.550530	18.419360
370518.974984	7647147.315825	1349.426117	1549.545584	18.559763
370528.974984	7647147.316054	1346.043719	1559.545584	18.559763
370538.974984	7647147.316282	1342.661320	1569.545584	18.559763
370548.974984	7647147.316511	1339.278922	1579.545584	18.559763
370558.974984	7647147.316740	1335.896523	1589.545584	18.559763
370568.974984	7647147.316969	1332.514125	1599.545584	18.559763
370578.974984	7647147.317198	1329.131726	1609.545584	18.559763
370588.974984	7647147.317424	1325.676300	1619.545584	18.559763
370598.974984	7647147.317646	1322.135539	1629.545584	18.559763
370608.974984	7647147.317868	1318.594778	1639.545584	18.559763
370618.974984	7647147.318090	1315.054016	1649.545584	18.559763
370628.974984	7647147.318311	1311.513255	1659.545584	18.559763
370638.974984	7647147.318533	1307.972494	1669.545584	18.559763
370648.974984	7647147.318755	1304.431733	1679.545584	18.559763
370658.974984	7647147.318920	1300.848491	1689.545584	18.559763
370668.974984	7647147.318920	1297.142431	1699.545584	18.559763
370678.974984	7647147.318920	1293.436370	1709.545584	18.559763
370688.974984	7647147.318920	1289.730310	1719.545584	18.559763
370698.957220	7647146.767530	1286.061301	1729.543037	18.559763
370708.936485	7647146.123881	1282.398491	1739.543037	18.559763
370718.915749	7647145.480233	1278.735682	1749.543037	18.559763
370728.895013	7647144.836584	1275.072873	1759.543037	18.559763
370738.874278	7647144.192936	1271.410064	1769.543037	18.559763
370748.853542	7647143.549287	1267.747254	1779.543037	18.559763
370758.832806	7647142.905638	1264.084445	1789.543037	18.559763
370768.812880	7647142.274741	1260.503919	1799.543033	18.559763
370778.793414	7647141.651093	1256.970173	1809.543033	18.559763
370788.773949	7647141.027446	1253.436427	1819.543033	18.559763
370798.754483	7647140.403798	1249.902681	1829.543033	18.559763
370808.735017	7647139.780150	1246.368936	1839.543033	18.559763
370818.715551	7647139.156502	1242.835190	1849.543033	18.559763
370828.694415	7647138.909602	1239.386625	1859.524950	18.559763
370838.669024	7647139.621758	1236.154901	1869.524950	18.559763
370848.643634	7647140.333913	1232.923176	1879.524950	18.559763
370858.624063	7647140.956656	1229.678249	1889.524789	18.559763
370868.606821	7647141.543643	1226.428042	1899.524789	18.559763
370878.524546	7647142.678364	1222.943170	1909.507217	18.559763
370888.367213	7647144.445255	1219.187458	1919.507217	18.559763
370898.209880	7647146.212146	1215.431746	1929.507217	18.559763
370908.052547	7647147.979037	1211.676033	1939.507217	18.559763
370917.895214	7647149.745928	1207.920321	1949.507217	18.559763
370927.737881	7647151.512819	1204.164609	1959.507217	18.559763
370937.580549	7647153.279709	1200.408897	1969.507217	18.559763
370947.417477	7647155.078150	1196.336917	1979.507195	18.559763
370957.251944	7647156.890131	1192.129213	1989.507195	18.559763
370967.086410	7647158.702111	1187.921510	1999.507195	18.559763
370976.920876	7647160.514092	1183.713806	2009.507195	18.559763
370986.755342	7647162.326072	1179.506102	2019.507195	18.559763
370996.589809	7647164.138053	1175.298398	2029.507195	18.559763
371006.573138	7647164.320540	1170.834837	2039.492191	18.559763
371016.573138	7647164.320540	1166.342622	2049.492191	18.559763
371026.573138	7647164.320540	1161.850407	2059.492191	18.559763
371036.570448	7647164.514497	1157.417201	2069.491383	18.559763
371046.566601	7647164.791821	1153.009358	2079.491383	18.559763
371056.562755	7647165.069144	1148.601514	2089.491383	18.559763
371066.558909	7647165.346468	1144.193671	2099.491383	18.559763
371076.555063	7647165.623791	1139.785828	2109.491383	18.559763
371086.551217	7647165.901115	1135.377985	2119.491383	18.559763
371096.547371	7647166.178438	1130.970142	2129.491383	18.559763
371106.543525	7647166.455762	1126.562299	2139.491383	18.559763
371116.539678	7647166.733085	1122.154456	2149.491383	18.559763
371126.536742	7647166.974695	1117.692104	2159.491366	18.559763
371136.534046	7647167.206905	1113.215407	2169.491366	18.559763
371146.531349	7647167.439116	1108.738710	2179.491366	18.559763
371156.528653	7647167.671326	1104.262013	2189.491366	18.559763
371166.525957	7647167.903536	1099.785316	2199.491366	18.559763
371176.523260	7647168.135747	1095.308619	2209.491366	18.559763
371186.520564	7647168.367957	1090.831922	2219.491366	18.559763
371196.517867	7647168.600167	1086.355225	2229.491366	18.559763
371206.497997	7647168.412023	1081.819110	2239.473268	18.559763
371216.383874	7647166.932052	1077.197817	2249.469312	18.559763
371226.231701	7647165.194153	1072.600692	2259.469312	18.559763
371236.102292	7647163.597003	1068.149322	2269.468284	18.559763
371245.995892	7647162.142123	1063.845280	2279.468284	18.559763
371255.889492	7647160.687242	1059.541238	2289.468284	18.559763
371265.783093	7647159.232362	1055.237196	2299.468284	18.559763
371275.676693	7647157.777481	1050.933154	2309.468284	18.559763
371285.570293	7647156.322601	1046.629113	2319.468284	18.559763
371295.463893	7647154.867720	1042.325071	2329.468284	18.559763
371305.331570	7647153.247559	1038.263848	2339.468083	18.559763
371315.195516	7647151.603612	1034.237571	2349.468083	18.559763
371325.059462	7647149.959664	1030.211295	2359.468083	18.559763
371334.923409	7647148.315717	1026.185018	2369.468083	18.559763
371344.787355	7647146.671769	1022.158742	2379.468083	18.559763
371354.651301	7647145.027821	1018.132465	2389.468083	18.559763
371364.515248	7647143.383874	1014.106189	2399.468083	18.559763
371374.286710	7647141.259697	1010.498274	2409.467763	18.559763
371384.055698	7647139.122674	1006.901551	2419.467763	18.559763
371393.845828	7647137.085228	1003.281157	2429.467654	18.559763
371403.640399	7647135.068703	999.655790	2439.467654	18.559763
371413.434970	7647133.052179	996.030422	2449.467654	18.559763
371423.229506	7647131.035478	992.287104	2459.467654	18.559763
371433.024010	7647129.018628	988.442930	2469.467654	18.559763
371442.818514	7647127.001778	984.598757	2479.467654	18.559763
371452.613019	7647124.984928	980.754583	2489.467654	18.559763
371462.407523	7647122.968078	976.910410	2499.467654	18.559763
371472.202027	7647120.951228	973.066237	2509.467654	18.559763
371481.955230	7647118.746303	969.257420	2519.466987	18.559763
371491.693562	7647116.473664	965.461333	2529.466987	18.559763
371501.431894	7647114.201025	961.665246	2539.466987	18.559763
371511.170226	7647111.928387	957.869159	2549.466987	18.559763
371521.012005	7647110.158298	954.437128	2559.466678	18.559763
371530.856213	7647108.400014	951.013648	2569.466678	18.559763
371540.700421	7647106.641730	947.590168	2579.466678	18.559763
371550.544630	7647104.883445	944.166688	2589.466678	18.559763
371560.388838	7647103.125161	940.743208	2599.466678	18.559763
371570.245822	7647101.440873	937.280498	2609.466525	18.559763
371580.109696	7647099.796496	933.796630	2619.466525	18.559763
371589.973571	7647098.152119	930.312762	2629.466525	18.559763
371599.837446	7647096.507742	926.828894	2639.466525	18.559763
371609.701320	7647094.863364	923.345026	2649.466525	18.559763
371619.565195	7647093.218987	919.861158	2659.466525	18.559763
371629.429070	7647091.574610	916.377290	2669.466525	18.559763
371639.271917	7647089.829133	912.898370	2679.462942	18.559763
371648.973451	7647087.404210	909.452704	2689.462942	18.559763
371658.737288	7647085.256403	906.031773	2699.460221	18.559763
371668.455416	7647082.916262	902.637919	2709.456134	18.559763
371678.126226	7647080.371575	899.249671	2719.456134	18.559763
371687.797036	7647077.826888	895.861423	2729.456134	18.559763
371697.467846	7647075.282201	892.473175	2739.456134	18.559763
371707.412399	7647074.232669	888.433057	2749.455916	18.559763
371717.357468	7647073.185957	884.391709	2759.455916	18.559763
371727.302536	7647072.139245	880.350361	2769.455916	18.559763
371737.247605	7647071.092532	876.309013	2779.455916	18.559763
371747.172103	7647069.876578	872.446176	2789.454626	18.559763
371757.078340	7647068.510391	868.741799	2799.454626	18.559763
371766.984577	7647067.144204	865.037423	2809.454626	18.559763
371776.890814	7647065.778017	861.333046	2819.454626	18.559763
371786.797051	7647064.411830	857.628670	2829.454626	18.559763
371796.703288	7647063.045643	853.924293	2839.454626	18.559763
371806.609525	7647061.679456	850.219917	2849.454626	18.559763
371816.515763	7647060.313271	846.534484	2859.454626	18.559763
371826.422005	7647058.947119	843.246764	2869.454626	18.559763
371836.320578	7647057.527346	839.959166	2879.454501	18.559763
371846.212649	7647056.062106	836.671672	2889.454501	18.559763
371856.149283	7647055.008127	833.447428	2899.446877	18.559763
371866.125613	7647054.320495	830.279528	2909.446877	18.559763
371876.101944	7647053.632863	827.111628	2919.446877	18.559763
371886.078274	7647052.945232	823.943728	2929.446877	18.559763
371896.054604	7647052.257600	820.775828	2939.446877	18.559763
371906.030934	7647051.569968	817.607928	2949.446877	18.559763
371916.007264	7647050.882336	814.440028	2959.446877	18.559763
371925.980148	7647050.147437	811.371583	2969.446801	18.559763
371935.950723	7647049.380859	808.369796	2979.446801	18.559763
371945.921297	7647048.614281	805.368009	2989.446801	18.559763
371955.891872	7647047.847702	802.366223	2999.446801	18.559763
371965.862447	7647047.081124	799.364436	3009.446801	18.559763
371975.833021	7647046.314546	796.362649	3019.446801	18.559763
371985.821353	7647046.010240	793.522578	3029.439767	18.559763
371995.821353	7647046.009706	790.788777	3039.439767	18.559763
372005.821353	7647046.009172	788.054975	3049.439767	18.559763
372015.821353	7647046.008689	785.321173	3059.439767	18.559763
372025.821353	7647046.008232	782.587371	3069.439767	18.559763
372035.821352	7647046.007774	779.853569	3079.439767	18.559763
372045.799284	7647045.432806	776.912055	3089.434251	18.559763
372055.769850	7647044.666123	773.901226	3099.434251	18.559763
372065.740417	7647043.899441	770.890398	3109.434251	18.559763
372075.710983	7647043.132759	767.879569	3119.434251	18.559763
372085.681550	7647042.366077	764.868741	3129.434251	18.559763
372095.652117	7647041.599395	761.857912	3139.434251	18.559763
372105.616542	7647040.757737	758.800383	3149.434159	18.559763
372115.578973	7647039.891725	755.727684	3159.434159	18.559763
372125.541403	7647039.025713	752.654985	3169.434159	18.559763
372135.503834	7647038.159701	749.582286	3179.434159	18.559763
372145.466264	7647037.293689	746.509586	3189.434159	18.559763
372155.402573	7647036.181048	743.681579	3199.432569	18.559763
372165.325380	7647034.940924	740.980053	3209.432569	18.559763
372175.248187	7647033.700801	738.278528	3219.432569	18.559763
372185.170993	7647032.460677	735.577003	3229.432569	18.559763
372195.033770	7647030.821954	733.085723	3239.430558	18.559763
372204.881687	7647029.084560	730.646489	3249.430558	18.559763
372214.729604	7647027.347167	728.207254	3259.430558	18.559763
372224.577520	7647025.609773	725.768019	3269.430558	18.559763
372234.425437	7647023.872380	723.328785	3279.430558	18.559763
372244.348191	7647022.989694	721.126287	3289.392494	18.559763
372254.348191	7647022.989236	719.168147	3299.392494	18.559763
372264.348191	7647022.988778	717.210008	3309.392494	18.559763
372274.348191	7647022.988321	715.251869	3319.392494	18.559763
372284.348191	7647022.987738	713.293708	3329.392494	18.559763
372294.348191	7647022.987128	711.335542	3339.392494	18.559763
372304.348191	7647022.986518	709.377376	3349.392494	18.559763
372314.338516	7647022.820899	707.428569	3359.384191	18.559763
372324.270065	7647021.652857	705.536614	3369.384191	18.559763
372334.201615	7647020.484815	703.644659	3379.384191	18.559763
372344.133164	7647019.316772	701.752705	3389.384191	18.559763
372354.064714	7647018.148730	699.860750	3399.384191	18.559763
372363.996264	7647016.980688	697.968795	3409.384191	18.559763
372373.954877	7647016.077351	695.893377	3419.383691	18.559763
372383.917315	7647015.211428	693.792028	3429.383691	18.559763
372393.879753	7647014.345505	691.690678	3439.383691	18.559763
372403.842192	7647013.479582	689.589329	3449.383691	18.559763
372413.804630	7647012.613658	687.487980	3459.383691	18.559763
372423.767068	7647011.747735	685.386631	3469.383691	18.559763
372433.705024	7647010.662444	683.099753	3479.380732	18.559763
372443.613247	7647009.310733	680.587553	3489.380732	18.559763
372453.521470	7647007.959022	678.075354	3499.380732	18.559763
372463.421558	7647006.549071	675.573302	3509.380718	18.559763
372473.322331	7647005.153319	673.075642	3519.379389	18.559763
372483.322331	7647005.153150	670.840425	3529.379389	18.559763
372493.322331	7647005.152980	668.605208	3539.379389	18.559763
372503.322331	7647005.152811	666.369991	3549.379389	18.559763
372513.322331	7647005.152641	664.134774	3559.379389	18.559763
372523.322331	7647005.152471	661.899557	3569.379389	18.559763
372533.322331	7647005.152302	659.664340	3579.379389	18.559763
372543.322331	7647005.152132	657.429344	3589.379389	18.559763
372553.322331	7647005.151953	655.416564	3599.379389	18.559763
372563.322331	7647005.151773	653.403784	3609.379389	18.559763
372573.322331	7647005.151594	651.391004	3619.379389	18.559763
372583.322331	7647005.151414	649.378224	3629.379389	18.559763
372593.322331	7647005.151235	647.365444	3639.379389	18.559763
372603.322331	7647005.151055	645.352664	3649.379389	18.559763
372613.322331	7647005.150876	643.339884	3659.379389	18.559763
372623.213035	7647006.616642	641.410566	3669.378113	18.559763
372633.097870	7647008.126858	639.483705	3679.377649	18.559763
372642.926655	7647009.969406	637.574849	3689.377649	18.559763
372652.755440	7647011.811954	635.665993	3699.377649	18.559763
372662.620353	7647013.417395	633.752824	3709.372345	18.559763
372672.551872	7647014.585694	631.831703	3719.372345	18.559763
372682.483392	7647015.753992	629.910583	3729.372345	18.559763
372692.414911	7647016.922291	627.989462	3739.372345	18.559763
372702.346431	7647018.090590	626.068342	3749.372345	18.559763
372712.277950	7647019.258888	624.147221	3759.372345	18.559763
372722.211709	7647020.405707	622.222395	3769.372083	18.559763
372732.170657	7647021.310890	620.255883	3779.372083	18.559763
372742.129605	7647022.216073	618.289372	3789.372083	18.559763
372752.088552	7647023.121256	616.322860	3799.372083	18.559763
372762.047500	7647024.026439	614.356349	3809.372083	18.559763
372772.003766	7647024.867874	612.378876	3819.363842	18.559763
372781.851481	7647023.129335	609.957804	3829.363842	18.559763
372791.699195	7647021.390796	607.536731	3839.363842	18.559763
372801.546910	7647019.652257	605.115658	3849.363842	18.559763
372811.399628	7647017.945051	602.697454	3859.363372	18.559763
372821.299054	7647016.530358	600.306035	3869.363372	18.559763
372831.198481	7647015.115666	597.914616	3879.363372	18.559763
372841.126258	7647014.099892	595.589219	3889.342979	18.559763
372851.126258	7647014.100333	593.432005	3899.342979	18.559763
372861.126258	7647014.100774	591.274791	3909.342979	18.559763
372871.126258	7647014.101215	589.117577	3919.342979	18.559763
372881.126258	7647014.101655	586.960363	3929.342979	18.559763
372891.126258	7647014.102096	584.803149	3939.342979	18.559763
372901.126258	7647014.102533	582.658177	3949.342979	18.559763
372911.126258	7647014.102951	580.575550	3959.342979	18.559763
372921.126258	7647014.103368	578.492922	3969.342979	18.559763
372931.126258	7647014.103786	576.410295	3979.342979	18.559763
372941.126258	7647014.104204	574.327668	3989.342979	18.559763
372951.126258	7647014.104621	572.245040	3999.342979	18.559763
372961.121959	7647014.168370	570.161642	4009.338883	18.559763
372971.030279	7647015.519371	568.062563	4019.338883	18.559763
372980.938598	7647016.870371	565.963484	4029.338883	18.559763
372990.839747	7647018.270124	563.866491	4039.338486	18.559763
373000.717426	7647019.829438	561.776320	4049.338486	18.559763
373010.595105	7647021.388753	559.686150	4059.338486	18.559763
373020.472783	7647022.948067	557.595980	4069.338486	18.559763
373030.397829	7647024.044910	555.401407	4079.323955	18.559763
373040.386521	7647024.520342	553.066551	4089.323955	18.559763
373050.375213	7647024.995775	550.731695	4099.323955	18.559763
373060.363905	7647025.471207	548.396839	4109.323955	18.559763
373070.352596	7647025.946639	546.061984	4119.323955	18.559763
373080.341288	7647026.422079	543.722915	4129.323955	18.559763
373090.329978	7647026.897539	541.372866	4139.323955	18.559763
373100.318669	7647027.372998	539.022818	4149.323955	18.559763
373110.307359	7647027.848458	536.672770	4159.323955	18.559763
373120.296050	7647028.323918	534.322721	4169.323955	18.559763
373130.267008	7647029.055552	531.983524	4179.321719	18.559763
373140.225939	7647029.960912	529.651685	4189.321719	18.559763
373150.184871	7647030.866271	527.319846	4199.321719	18.559763
373160.143803	7647031.771631	524.988008	4209.321719	18.559763
373170.099738	7647032.708391	522.642911	4219.321627	18.559763
373180.050113	7647033.703394	520.273224	4229.321627	18.559763
373190.000488	7647034.698397	517.903537	4239.321627	18.559763
373199.950864	7647035.693399	515.533849	4249.321627	18.559763
373209.901239	7647036.688402	513.164162	4259.321627	18.559763
373219.859260	7647037.579773	510.797352	4269.319463	18.559763
373229.847925	7647038.055773	508.442078	4279.319463	18.559763
373239.836589	7647038.531773	506.086803	4289.319463	18.559763
373249.825254	7647039.007772	503.731528	4299.319463	18.559763
373259.817194	7647039.395246	501.378404	4309.318912	18.559763
373269.813728	7647039.658501	499.028296	4319.318912	18.559763
373279.810262	7647039.921756	496.678188	4329.318912	18.559763
373289.806796	7647040.185011	494.328080	4339.318912	18.559763
373299.781068	7647040.888053	490.519208	4349.317931	18.559763
373309.753087	7647041.635612	486.562675	4359.317931	18.559763
373319.725106	7647042.383171	482.606141	4369.317931	18.559763
373329.697124	7647043.130730	478.649608	4379.317931	18.559763
373339.669143	7647043.878288	474.693074	4389.317931	18.559763
373349.619772	7647044.845448	470.813099	4399.315452	18.559763
373359.548619	7647046.036247	467.011092	4409.315452	18.559763
373369.477466	7647047.227046	463.209084	4419.315452	18.559763
373379.406313	7647048.417846	459.407076	4429.315452	18.559763
373389.335159	7647049.608645	455.605068	4439.315452	18.559763
373399.264006	7647050.799445	451.803060	4449.315452	18.559763
373409.192853	7647051.990244	448.001052	4459.315452	18.559763
373419.066069	7647053.569354	445.099003	4469.314151	18.559763
373428.929879	7647055.214117	442.349112	4479.314151	18.559763
373438.772922	7647056.975142	439.595902	4489.313486	18.559763
373448.596168	7647058.846994	436.839527	4499.313486	18.559763
373458.476582	7647060.383002	434.294224	4509.312581	18.559763
373468.365913	7647061.866628	431.781840	4519.312581	18.559763
373478.255243	7647063.350254	429.269457	4529.312581	18.559763
373488.144573	7647064.833880	426.757074	4539.312581	18.559763
373498.033904	7647066.317506	424.244691	4549.312581	18.559763
373507.923234	7647067.801132	421.732308	4559.312581	18.559763
373517.812564	7647069.284757	419.219925	4569.312581	18.559763
373527.701900	7647070.768348	416.795659	4579.312581	18.559763
373537.591241	7647072.251903	414.460574	4589.312581	18.559763
373547.480582	7647073.735458	412.125489	4599.312581	18.559763
373557.369923	7647075.219013	409.790403	4609.312581	18.559763
373567.353566	7647075.757443	407.434636	4619.310732	18.559763
373577.341073	7647076.257144	405.078021	4629.310732	18.559763
373587.328580	7647076.756846	402.721407	4639.310732	18.559763
373597.316087	7647077.256547	400.364792	4649.310732	18.559763
373607.303594	7647077.756249	398.008177	4659.310732	18.559763
373617.218609	7647076.739979	395.697057	4669.277694	18.559763
373627.086729	7647075.277411	393.389765	4679.253610	18.559763
373637.086729	7647075.277411	390.965230	4689.253610	18.559763
373647.086729	7647075.277411	388.540695	4699.253610	18.559763
373657.086729	7647075.277411	386.116161	4709.253610	18.559763
373667.086729	7647075.277411	383.691626	4719.253610	18.559763
373677.086729	7647075.277411	381.267091	4729.253610	18.559763
373687.086729	7647075.277411	378.842556	4739.253610	18.559763
373697.086729	7647075.277411	376.418022	4749.253610	18.559763
373707.086729	7647075.277411	374.086912	4759.253610	18.559763
373717.086729	7647075.277411	371.812733	4769.253610	18.559763
373727.086729	7647075.277411	369.538555	4779.253610	18.559763
373737.086729	7647075.277411	367.264376	4789.253610	18.559763
373747.086729	7647075.277411	364.990197	4799.253610	18.559763
373757.086729	7647075.277411	362.716018	4809.253610	18.559763
373767.086729	7647075.277411	360.441839	4819.253610	18.559763
373777.086729	7647075.277411	358.167660	4829.253610	18.559763
373787.086729	7647075.277411	355.893481	4839.253610	18.559763
373797.086729	7647075.277411	353.699831	4849.253610	18.559763
373807.086729	7647075.277411	351.537957	4859.253610	18.559763
373817.086729	7647075.277411	349.376083	4869.253610	18.559763
373827.086729	7647075.277411	347.214210	4879.253610	18.559763
373837.086729	7647075.277411	345.052336	4889.253610	18.559763
373847.086729	7647075.277411	342.890462	4899.253610	18.559763
373857.086729	7647075.277411	340.728589	4909.253610	18.559763
373867.086729	7647075.277411	338.566715	4919.253610	18.559763
373877.086729	7647075.277411	336.404841	4929.253610	18.559763
373887.086729	7647075.277411	334.311423	4939.253610	18.559763
373897.086729	7647075.277411	332.233778	4949.253610	18.559763
373907.086729	7647075.277411	330.156134	4959.253610	18.559763
373917.086729	7647075.277411	328.078489	4969.253610	18.559763
373927.086729	7647075.277411	326.000844	4979.253610	18.559763
373937.086729	7647075.277411	323.923199	4989.253610	18.559763
373947.086729	7647075.277411	321.845554	4999.253610	18.559763
373957.086729	7647075.277411	319.767909	5009.253610	18.559763
373967.086729	7647075.277411	317.690264	5019.253610	18.559763
373977.036882	7647074.327067	315.652360	5029.249044	18.559763
373986.982011	7647073.280920	313.618462	5039.249044	18.559763
373996.927139	7647072.234773	311.584564	5049.249044	18.559763
374006.872267	7647071.188626	309.550666	5059.249044	18.559763
374016.817396	7647070.142480	307.516768	5069.249044	18.559763
374026.762524	7647069.096333	305.482870	5079.249044	18.559763
374036.707652	7647068.050186	303.448972	5089.249044	18.559763
374046.652780	7647067.004039	301.415074	5099.249044	18.559763
374056.597909	7647065.957892	299.381176	5109.249044	18.559763
374066.537095	7647064.856789	297.309142	5119.249037	18.559763
374076.476002	7647063.753095	295.235311	5129.249037	18.559763
374086.414908	7647062.649401	293.161480	5139.249037	18.559763
374096.353814	7647061.545707	291.087649	5149.249037	18.559763
374106.292721	7647060.442014	289.013818	5159.249037	18.559763
374116.231627	7647059.338320	286.939988	5169.249037	18.559763
374126.170534	7647058.234626	284.866157	5179.249037	18.559763
374136.141830	7647057.512378	282.883893	5189.246457	18.559763
374146.124514	7647056.924147	280.933878	5199.246456	18.559763
374156.102309	7647056.258112	278.986438	5209.246456	18.559763
374166.080105	7647055.592096	277.044506	5219.246456	18.559763
374176.057939	7647054.926643	275.264682	5229.246456	18.559763
374186.035773	7647054.261191	273.484859	5239.246456	18.559763
374196.013607	7647053.595738	271.705035	5249.246456	18.559763
374205.991441	7647052.930285	269.925211	5259.246456	18.559763
374215.969276	7647052.264832	268.145387	5269.246456	18.559763
374225.947110	7647051.599379	266.365563	5279.246456	18.559763
374235.923957	7647050.920774	264.601719	5289.246355	18.559763
374245.889375	7647050.089844	263.022949	5299.246355	18.559763
374255.854793	7647049.258914	261.444178	5309.246355	18.559763
374265.820211	7647048.427984	259.865408	5319.246355	18.559763
374275.785629	7647047.597055	258.286637	5329.246355	18.559763
374285.751047	7647046.766125	256.707866	5339.246355	18.559763
374295.719295	7647046.003214	255.155630	5349.243755	18.559763
374305.719295	7647046.003325	253.901045	5359.243755	18.559763
374315.719295	7647046.003436	252.646459	5369.243755	18.559763
374325.719295	7647046.003541	251.391874	5379.243755	18.559763
374335.719295	7647046.003608	250.137287	5389.243755	18.559763
374345.719295	7647046.003676	248.882700	5399.243755	18.559763
374355.675217	7647045.558502	247.508519	5409.209624	18.559763
374365.481088	7647043.597666	245.727228	5419.209624	18.559763
374375.286960	7647041.636831	243.945937	5429.209624	18.559763
374385.092832	7647039.675996	242.164646	5439.209624	18.559763
374394.898704	7647037.715161	240.383355	5449.209624	18.559763
374404.704576	7647035.754325	238.602064	5459.209624	18.559763
374414.513462	7647033.809045	236.796430	5469.209542	18.559763
374424.342198	7647031.966236	234.830431	5479.209542	18.559763
374434.170934	7647030.123427	232.864432	5489.209542	18.559763
374443.999670	7647028.280618	230.898433	5499.209542	18.559763
374453.828404	7647026.437796	228.938796	5509.209542	18.559763
374463.657071	7647024.594619	227.155353	5519.209542	18.559763
374473.485738	7647022.751442	225.371910	5529.209542	18.559763
374483.314406	7647020.908266	223.588467	5539.209542	18.559763
374493.143073	7647019.065089	221.805024	5549.209542	18.559763
374502.970085	7647017.213373	220.018779	5559.209493	18.559763
374512.775863	7647015.252064	218.196576	5569.209493	18.559763
374522.581640	7647013.290755	216.374373	5579.209493	18.559763
374532.387417	7647011.329446	214.552169	5589.209493	18.559763
374542.193194	7647009.368137	212.729966	5599.209493	18.559763
374551.998972	7647007.406828	210.907763	5609.209493	18.559763
374561.804749	7647005.445519	209.085560	5619.209493	18.559763
374571.610526	7647003.484209	207.263356	5629.209493	18.559763
374581.285102	7647000.981757	205.457588	5639.202475	18.559763
374590.900304	7646998.234415	203.659257	5649.202475	18.559763
374600.458405	7646995.295672	201.839295	5659.202150	18.559763
374609.742969	7646991.581259	200.001776	5669.202150	18.559763
374619.027533	7646987.866845	198.164257	5679.202150	18.559763
374628.053574	7646983.596504	196.240910	5689.187401	18.559763
374636.876884	7646978.890210	194.250257	5699.187401	18.559763
374645.700194	7646974.183915	192.259605	5709.187401	18.559763
374654.523503	7646969.477621	190.268952	5719.187401	18.559763
374663.346813	7646964.771327	188.278300	5729.187401	18.559763
374672.170123	7646960.065033	186.287647	5739.187401	18.559763
374681.009893	7646955.391554	184.278704	5749.186547	18.559763
374690.058054	7646951.133529	182.038199	5759.186547	18.559763
374699.106215	7646946.875503	179.797694	5769.186547	18.559763
374708.154376	7646942.617478	177.557189	5779.186547	18.559763
374717.202538	7646938.359453	175.316684	5789.186547	18.559763
374726.410660	7646934.469300	173.280012	5799.182688	18.559763
374735.695506	7646930.755590	171.341105	5809.182688	18.559763
374744.980352	7646927.041880	169.402198	5819.182688	18.559763
374754.265198	7646923.328171	167.463291	5829.182688	18.559763
374763.550043	7646919.614461	165.524384	5839.182688	18.559763
374772.909853	7646916.105415	163.570360	5849.178659	18.559763
374782.396784	7646912.943432	161.590699	5859.178659	18.559763
374791.883715	7646909.781448	159.611039	5869.178659	18.559763
374801.370646	7646906.619465	157.631379	5879.178659	18.559763
374810.857577	7646903.457482	155.651719	5889.178659	18.559763
374820.344508	7646900.295498	153.672059	5899.178659	18.559763
374829.825085	7646897.117128	151.686892	5909.177827	18.559763
374838.963389	7646893.056170	149.405151	5919.177827	18.559763
374848.101694	7646888.995211	147.123409	5929.177827	18.559763
374857.155462	7646884.750054	144.829396	5939.177430	18.559763
374864.814717	7646878.400433	143.173860	5949.126394	18.559763
374872.246914	7646871.709959	141.623904	5959.126394	18.559763
374879.679111	7646865.019484	140.073949	5969.126394	18.559763
374887.111308	7646858.329009	138.523993	5979.126394	18.559763
374894.543504	7646851.638535	136.974038	5989.126394	18.559763
374901.975701	7646844.948060	135.424082	5999.126394	18.559763
374909.407898	7646838.257585	133.874127	6009.126394	18.559763
374916.840095	7646831.567110	132.324172	6019.126394	18.559763
374924.272292	7646824.876636	130.774216	6029.126394	18.559763
374931.704488	7646818.186161	129.224261	6039.126394	18.559763
374939.136685	7646811.495686	127.674305	6049.126394	18.559763
374947.812282	7646807.980373	126.198215	6058.487132	18.559763
374956.756886	7646803.508900	124.817035	6068.487132	18.559763
374965.701489	7646799.037427	123.435856	6078.487132	18.559763
374974.646093	7646794.565955	122.054676	6088.487132	18.559763
374983.590696	7646790.094482	120.673497	6098.487132	18.559763
374992.535300	7646785.623009	119.292317	6108.487132	18.559763
375001.479903	7646781.151536	117.911138	6118.487132	18.559763
375010.424507	7646776.680064	116.529958	6128.487132	18.559763
375019.369110	7646772.208591	115.148779	6138.487132	18.559763
375028.313714	7646767.737118	113.767599	6148.487132	18.559763
375037.219979	7646763.197279	112.411864	6158.483717	18.559763
375045.700096	7646757.897504	111.338956	6168.483717	18.559763
375054.180213	7646752.597729	110.266048	6178.483717	18.559763
375062.660330	7646747.297954	109.193140	6188.483717	18.559763
375071.140456	7646741.998192	108.221095	6198.483717	18.559763
375079.620582	7646736.698432	107.266706	6208.483717	18.559763
375088.100709	7646731.398673	106.312317	6218.483717	18.559763
375096.580835	7646726.098913	105.357928	6228.483717	18.559763
375105.060962	7646720.799153	104.403539	6238.483717	18.559763
375114.522695	7646718.262264	103.482457	6248.279644	18.559763
375124.445693	7646717.023673	102.577025	6258.279644	18.559763
375134.316643	7646715.427500	101.725032	6268.278815	18.559763
375144.180988	7646713.785946	100.879821	6278.278815	18.559763
375154.045333	7646712.144393	100.034610	6288.278815	18.559763
375163.909678	7646710.502840	99.189398	6298.278815	18.559763
375173.774023	7646708.861287	98.344187	6308.278815	18.559763
375183.638368	7646707.219733	97.498976	6318.278815	18.559763
375193.502713	7646705.578180	96.653765	6328.278815	18.559763
375203.282193	7646703.559765	95.835636	6338.264416	18.559763
375212.898016	7646700.814597	95.069735	6348.264416	18.559763
375222.697328	7646698.856992	94.294861	6358.257350	18.559763
375232.536279	7646697.069526	93.518047	6368.257350	18.559763
375241.273801	7646692.967998	92.648525	6377.909647	18.559763
375248.865430	7646686.458990	91.682549	6387.909647	18.559763
375256.457058	7646679.949983	90.716574	6397.909647	18.559763
375264.048687	7646673.440975	89.750599	6407.909647	18.559763
375271.640315	7646666.931968	88.784624	6417.909647	18.559763
375279.231943	7646660.422960	87.818649	6427.909647	18.559763
375286.823572	7646653.913953	86.852674	6437.909647	18.559763
375294.415200	7646647.404945	85.886699	6447.909647	18.559763
375302.006828	7646640.895938	84.920724	6457.909647	18.559763
375309.954019	7646634.836047	83.892709	6467.903651	18.559763
375318.489821	7646629.832950	82.867104	6477.797634	18.559763
375328.353727	7646628.188758	82.001906	6487.797634	18.559763
375338.217633	7646626.544567	81.136708	6497.797634	18.559763
375348.081538	7646624.900376	80.271510	6507.797634	18.559763
375357.945444	7646623.256185	79.406312	6517.797634	18.559763
375367.809350	7646621.611993	78.541115	6527.797634	18.559763
375377.673255	7646619.967802	77.675917	6537.797634	18.559763
375387.537161	7646618.323611	76.810719	6547.797634	18.559763
375397.429166	7646616.872166	75.996021	6557.795556	18.559763
375407.351938	7646615.631761	75.236616	6567.795556	18.559763
375417.274709	7646614.391357	74.477212	6577.795556	18.559763
375427.197481	7646613.150953	73.717807	6587.795556	18.559763
375437.120253	7646611.910548	72.958403	6597.795556	18.559763
375447.043024	7646610.670144	72.198998	6607.795556	18.559763
375456.965796	7646609.429739	71.439593	6617.795556	18.559763
375466.888545	7646608.189155	70.588289	6627.795556	18.559763
375476.811281	7646606.948466	69.682857	6637.795556	18.559763
375486.742109	7646605.776301	68.777467	6647.795322	18.559763
375496.680909	7646604.671649	67.872119	6657.795322	18.559763
375506.619709	7646603.566997	66.966771	6667.795322	18.559763
375516.608550	7646603.365944	65.988371	6677.786186	18.559763
375526.608550	7646603.366387	64.993681	6687.786186	18.559763
375536.608550	7646603.366829	63.998991	6697.786186	18.559763
375546.608550	7646603.367272	63.004301	6707.786186	18.559763
375556.608550	7646603.367714	62.009612	6717.786186	18.559763
375566.608550	7646603.368157	61.014922	6727.786186	18.559763
375576.608550	7646603.368526	59.833035	6737.786186	18.559763
375586.608550	7646603.368842	58.517239	6747.786186	18.559763
375596.608550	7646603.369158	57.201442	6757.786186	18.559763
375606.608550	7646603.369474	55.885645	6767.786186	18.559763
375616.608550	7646603.369790	54.569849	6777.786186	18.559763
375626.608550	7646603.370106	53.254052	6787.786186	18.559763
375636.494048	7646602.485226	51.691153	6797.711209	18.559763
375646.164835	7646599.940453	49.664894	6807.711209	18.559763
375655.835623	7646597.395680	47.638635	6817.711209	18.559763
375665.247785	7646594.085997	45.718692	6827.688323	18.559763
375674.478581	7646590.239909	43.873304	6837.688323	18.559763
375683.709378	7646586.393821	42.027916	6847.688323	18.559763
375692.940174	7646582.547732	40.182528	6857.688323	18.559763
375702.170971	7646578.701644	38.337140	6867.688323	18.559763
375711.401767	7646574.855555	36.491752	6877.688323	18.559763
375720.632632	7646571.009631	34.796344	6887.688323	18.559763
375729.863637	7646567.164043	33.410259	6897.688323	18.559763
375739.094643	7646563.318456	32.024174	6907.688323	18.559763
375748.325648	7646559.472869	30.638089	6917.688323	18.559763
375757.999626	7646556.964690	29.115141	6927.682161	18.559763
