x	y	z	L	slope
369070.630405	7647075.277411	1728.75	0.0	7.991278
369080.630405	7647075.277411	1727.346186	10.0	7.991278
369090.630405	7647075.277411	1725.942372	20.0	7.991278
369100.630405	7647075.277411	1724.538558	30.0	7.991278
369110.630405	7647075.277411	1723.134744	40.0	7.991278
369120.630405	7647075.277411	1721.730929	50.0	7.991278
369130.630405	7647075.277411	1720.327115	60.0	7.991278
369140.630405	7647075.277411	1718.923301	70.0	7.991278
369150.630405	7647075.277411	1717.519487	80.0	7.945986
369160.630405	7647075.277411	1716.131792	90.0	7.472062
369170.630405	7647075.277411	1714.896436	100.0	7.042598
369180.630405	7647075.277411	1713.66108	110.0	7.042598
369190.630405	7647075.277411	1712.425723	120.0	7.042598
369200.630405	7647075.277411	1711.190367	130.0	7.042598
369210.630405	7647075.277411	1709.95501	140.0	7.042598
369220.630405	7647075.277411	1708.719654	150.0	7.042598
369230.630405	7647075.277411	1707.484297	160.0	7.042598
369240.630405	7647075.277411	1706.248941	170.0	7.05776
369250.630405	7647075.277411	1705.008212	180.0	7.136967
369260.630405	7647075.277411	1703.744779	190.0	7.200996
369270.630405	7647075.277411	1702.481346	200.0	7.200996
369280.630405	7647075.277411	1701.217913	210.0	7.200996
369290.630405	7647075.277411	1699.954481	220.0	7.200996
369300.630405	7647075.277411	1698.691048	230.0	7.200996
369310.630405	7647075.277411	1697.427615	240.0	7.200996
369320.630405	7647075.277411	1696.164183	250.0	7.200996
369330.630405	7647075.277411	1694.90075	260.0	7.428151
369340.630405	7647075.277494	1693.556721	270.0	8.217587
369350.630405	7647075.277781	1692.012526	280.0	8.778512
369360.630405	7647075.278068	1690.46833	290.0	8.778512
369370.630405	7647075.278355	1688.924135	300.0	8.778512
369380.630405	7647075.278643	1687.379939	310.0	8.778512
369390.630405	7647075.27893	1685.835744	320.0	8.778512
369400.630405	7647075.279217	1684.291548	330.0	8.778512
369410.630405	7647075.279504	1682.747353	340.0	8.778512
369420.630405	7647075.279792	1681.203157	350.0	8.988893
369430.630405	7647075.280102	1679.583733	360.0	9.537386
369440.630405	7647075.280451	1677.842989	370.0	9.875073
369450.630405	7647075.2808	1676.102244	380.0	9.875073
369460.630405	7647075.281149	1674.3615	390.0	9.875073
369470.630405	7647075.281497	1672.620756	400.0	9.875073
369480.630405	7647075.281846	1670.880012	410.0	9.875073
369490.630405	7647075.282195	1669.139268	420.0	9.875073
369500.630405	7647075.282544	1667.398523	430.0	9.875073
369510.630405	7647075.282893	1665.657779	440.0	10.284883
369520.630207	7647075.285352	1663.769504	449.999802	11.139068
369530.630207	7647075.285236	1661.719929	459.999802	11.583128
369540.630207	7647075.28512	1659.670355	469.999802	11.583128
369550.630207	7647075.285004	1657.62078	479.999802	11.583128
369560.630207	7647075.284887	1655.571206	489.999802	11.583128
369570.630207	7647075.284771	1653.521631	499.999802	11.583128
369580.630207	7647075.284655	1651.472057	509.999802	11.583128
369590.630207	7647075.284539	1649.422482	519.999802	11.583128
369600.630207	7647075.284422	1647.372908	529.999802	11.627461
369610.630207	7647075.284285	1645.307206	539.999802	11.704649
369620.630207	7647075.284133	1643.22954	549.999802	11.737511
369630.630207	7647075.28398	1641.151874	559.999802	11.737511
369640.630207	7647075.283828	1639.074208	569.999802	11.737511
369650.630207	7647075.283675	1636.996542	579.999802	11.737511
369660.630207	7647075.283522	1634.918876	589.999802	11.737511
369670.630207	7647075.28337	1632.841211	599.999802	11.737511
369680.630207	7647075.283217	1630.763545	609.999802	11.737511
369690.630207	7647075.283065	1628.685879	619.999802	11.621
369700.597017	7647075.948698	1626.652879	629.988815	11.438872
369710.547423	7647076.943398	1624.641394	639.988815	11.373523
369720.497828	7647077.938099	1622.62991	649.988815	11.373523
369730.448234	7647078.932799	1620.618426	659.988815	11.373523
369740.398639	7647079.9275	1618.606942	669.988815	11.373523
369750.349045	7647080.9222	1616.595457	679.988815	11.373523
369760.29945	7647081.916901	1614.583973	689.988815	11.373523
369770.249856	7647082.911601	1612.572489	699.988815	11.373523
369780.200261	7647083.906302	1610.561004	709.988815	11.816534
369790.150665	7647084.901024	1608.388374	719.988815	12.428514
369800.101067	7647085.895754	1606.153418	729.988815	12.598689
369810.05147	7647086.890485	1603.918461	739.988815	12.598689
369820.001873	7647087.885215	1601.683505	749.988815	12.598689
369829.952275	7647088.879946	1599.448548	759.988815	12.598689
369839.902678	7647089.874676	1597.213592	769.988815	12.598689
369849.85308	7647090.869407	1594.978635	779.988815	12.618146
369859.823293	7647091.466557	1592.739216	789.976894	12.648642
369869.823293	7647091.465879	1590.493087	799.976894	12.659607
369879.823293	7647091.465276	1588.246972	809.976894	12.58901
369889.780289	7647091.835268	1586.03479	819.940762	12.014254
369899.514399	7647094.125922	1583.998459	829.940762	11.510288
369909.24851	7647096.416576	1581.962128	839.940762	11.510288
369918.98262	7647098.707231	1579.925796	849.940762	11.510288
369928.71673	7647100.997885	1577.889465	859.940762	11.510288
369938.45084	7647103.28854	1575.853134	869.940762	11.510288
369948.184951	7647105.579194	1573.816803	879.940762	11.510288
369957.919061	7647107.869848	1571.780471	889.940762	11.512869
369967.777536	7647109.475989	1569.745553	899.929217	11.507126
369977.695306	7647110.755773	1567.711309	909.929217	11.498807
369987.613076	7647112.035557	1565.677064	919.929217	11.498807
369997.530845	7647113.315341	1563.64282	929.929217	11.498807
370007.448615	7647114.595125	1561.608575	939.929217	14.296488
370017.418892	7647114.706403	1558.553762	949.900115	18.141129
370027.411474	7647114.321304	1555.065415	959.900115	19.231111
370037.404056	7647113.936205	1551.577068	969.900115	19.231111
370047.396638	7647113.551107	1548.088721	979.900115	19.214749
370057.390281	7647113.195026	1544.606785	989.900099	19.192279
370067.384318	7647112.849734	1541.127233	999.900099	19.186174
370077.378355	7647112.504442	1537.647681	1009.900099	19.164252
370087.372392	7647112.159165	1534.176706	1019.900099	18.574633
370097.366443	7647111.814278	1530.927006	1029.900099	18.003137
370107.360494	7647111.469392	1527.677306	1039.900099	18.003137
370117.354545	7647111.124505	1524.427606	1049.900099	18.003137
370127.348596	7647110.779619	1521.177906	1059.900099	18.003137
370137.342647	7647110.434732	1517.928206	1069.900099	17.941861
370147.337017	7647110.09927	1514.702146	1079.900098	17.867016
370157.331459	7647109.765884	1511.481298	1089.900098	17.853488
370167.3259	7647109.432499	1508.26045	1099.900098	17.853488
370177.320341	7647109.099114	1505.039601	1109.900098	17.853488
370187.314782	7647108.765729	1501.818753	1119.900098	17.93783
370197.306229	7647108.653005	1498.567959	1129.892181	18.267394
370207.287942	7647109.257482	1495.219832	1139.892181	18.511746
370217.269656	7647109.861959	1491.871705	1149.892181	18.511746
370227.25137	7647110.466436	1488.523578	1159.892181	18.526491
370237.244791	7647110.819942	1485.169837	1169.891853	18.542453
370247.239429	7647111.147366	1481.815512	1179.891853	18.543672
370257.234068	7647111.47479	1478.461187	1189.891853	19.223788
370266.554049	7647113.465678	1475.005482	1199.422104	20.237592
370273.953176	7647120.192707	1471.261133	1209.422104	20.528261
370281.352303	7647126.919736	1467.516784	1219.422104	20.528261
370288.75143	7647133.646765	1463.772435	1229.422104	20.528261
370296.150557	7647140.373794	1460.028086	1239.422104	20.528261
370303.549684	7647147.100823	1456.283736	1249.422104	20.528261
370310.948811	7647153.827852	1452.539387	1259.422104	21.236431
370318.614592	7647160.142501	1448.5384	1269.35382	25.631326
370328.411028	7647160.336034	1443.073377	1279.152168	28.911952
370338.376446	7647159.505104	1437.60412	1289.152168	28.67623
370348.341864	7647158.674174	1432.134862	1299.152168	28.67623
370358.307282	7647157.843244	1426.665605	1309.152168	28.67623
370368.2727	7647157.012314	1421.196347	1319.152168	28.67623
370378.238118	7647156.181383	1415.72709	1329.152168	28.67623
370388.203536	7647155.350453	1410.257833	1339.152168	28.67623
370398.168954	7647154.519523	1404.788575	1349.152168	28.56342
370408.131559	7647153.657921	1399.370531	1359.151961	27.95255
370418.081882	7647152.662394	1394.176102	1369.151961	27.450112
370428.032205	7647151.666868	1388.981672	1379.151961	27.450112
370437.982528	7647150.671342	1383.787243	1389.151961	27.450112
370447.932851	7647149.675816	1378.592813	1399.151961	27.450112
370457.883174	7647148.68029	1373.398384	1409.151961	27.450112
370467.833497	7647147.684763	1368.203954	1419.151961	27.413233
370477.784045	7647146.691899	1363.025887	1429.15192	22.978585
370487.760369	7647146.004175	1359.723575	1439.15192	18.273244
370497.737068	7647145.321987	1356.422089	1449.151915	18.264439
370507.714941	7647144.65712	1353.123186	1459.151915	18.306979
370517.69767	7647144.138307	1349.806484	1469.148117	18.516161
370527.69767	7647144.138879	1346.42649	1479.148117	18.675776
370537.69767	7647144.139451	1343.046495	1489.148117	18.675776
370547.69767	7647144.140023	1339.666501	1499.148117	18.675776
370557.69767	7647144.140596	1336.286506	1509.148117	18.675776
370567.69767	7647144.141168	1332.906512	1519.148117	18.675776
370577.69767	7647144.14174	1329.526517	1529.148117	18.675776
370587.69767	7647144.142306	1326.097186	1539.148117	18.675776
370597.69767	7647144.142861	1322.569213	1549.148117	18.675776
370607.69767	7647144.143416	1319.04124	1559.148117	18.675776
370617.69767	7647144.143971	1315.513267	1569.148117	18.675776
370627.69767	7647144.144526	1311.985294	1579.148117	18.675776
370637.69767	7647144.145081	1308.457322	1589.148117	18.675776
370647.69767	7647144.145636	1304.929349	1599.148117	18.675776
370657.69767	7647144.145761	1301.321855	1609.148117	18.675776
370667.69767	7647144.145354	1297.615805	1619.148117	18.675776
370677.69767	7647144.144947	1293.909754	1629.148117	18.675776
370687.69767	7647144.14454	1290.203704	1639.148117	18.675776
370697.689127	7647143.879293	1286.514136	1649.143095	18.675776
370707.668366	7647143.235243	1282.848144	1659.143095	18.675776
370717.647604	7647142.591193	1279.182151	1669.143095	18.675776
370727.626843	7647141.947143	1275.516159	1679.143095	18.675776
370737.606081	7647141.303093	1271.850167	1689.143095	18.675776
370747.585319	7647140.659043	1268.184175	1699.143095	18.675776
370757.564558	7647140.014993	1264.518183	1709.143095	18.675776
370767.544446	7647139.381167	1260.912056	1719.14309	18.675776
370777.524957	7647138.757144	1257.363343	1729.14309	18.675776
370787.505467	7647138.133122	1253.81463	1739.14309	18.675776
370797.485978	7647137.5091	1250.265917	1749.14309	18.675776
370807.466489	7647136.885078	1246.717204	1759.14309	18.675776
370817.447	7647136.261055	1243.16849	1769.14309	18.675776
370827.424942	7647136.218899	1239.76395	1779.12112	18.675776
370837.399553	7647136.931032	1236.546307	1789.12112	18.675776
370847.374164	7647137.643166	1233.328663	1799.12112	18.675776
370857.353559	7647138.281803	1230.099169	1809.12093	18.675776
370867.336319	7647138.868743	1226.86134	1819.12093	18.675776
370877.306345	7647139.562956	1223.576107	1829.115096	18.675776
370887.149084	7647141.329447	1219.817021	1839.115096	18.675776
370896.991823	7647143.095939	1216.057935	1849.115096	18.675776
370906.834562	7647144.86243	1212.298849	1859.115096	18.675776
370916.677301	7647146.628921	1208.539764	1869.115096	18.675776
370926.520039	7647148.395413	1204.780678	1879.115096	18.675776
370936.362778	7647150.161904	1201.021592	1889.115096	18.675776
370946.200808	7647151.954294	1196.966473	1899.11507	18.675776
370956.035371	7647153.765749	1192.693438	1909.11507	18.675776
370965.869934	7647155.577204	1188.420404	1919.11507	18.675776
370975.704497	7647157.388658	1184.14737	1929.11507	18.675776
370985.539061	7647159.200113	1179.874335	1939.11507	18.675776
370995.373624	7647161.011567	1175.601301	1949.11507	18.675776
371005.208187	7647162.823022	1171.328267	1959.11507	18.675776
371015.071421	7647164.32054	1167.017245	1969.09134	18.675776
371025.071421	7647164.32054	1162.525016	1979.09134	18.675776
371035.069306	7647164.472949	1158.079135	1989.090386	18.675776
371045.065455	7647164.750452	1153.671294	1999.090386	18.675776
371055.061604	7647165.027954	1149.263453	2009.090386	18.675776
371065.057753	7647165.305456	1144.855612	2019.090386	18.675776
371075.053902	7647165.582958	1140.447771	2029.090386	18.675776
371085.050051	7647165.860461	1136.03993	2039.090386	18.675776
371095.046199	7647166.137963	1131.632089	2049.090386	18.675776
371105.042348	7647166.415465	1127.224248	2059.090386	18.675776
371115.038497	7647166.692967	1122.816407	2069.090386	18.675776
371125.035385	7647166.94151	1118.364406	2079.090363	18.675776
371135.032685	7647167.173867	1113.887722	2089.090363	18.675776
371145.029985	7647167.406224	1109.411039	2099.090363	18.675776
371155.027285	7647167.63858	1104.934355	2109.090363	18.675776
371165.024585	7647167.870937	1100.457672	2119.090363	18.675776
371175.021885	7647168.103294	1095.980989	2129.090363	18.675776
371185.019185	7647168.335651	1091.504305	2139.090363	18.675776
371195.016486	7647168.568007	1087.027622	2149.090363	18.675776
371205.004454	7647168.571805	1082.518601	2159.078331	18.675776
371214.904984	7647167.196007	1077.888241	2169.073997	18.675776
371224.752825	7647165.45818	1073.291075	2179.073997	18.675776
371234.616482	7647163.81816	1068.795175	2189.073067	18.675776
371244.510119	7647162.363532	1064.49122	2199.073067	18.675776
371254.403756	7647160.908904	1060.187264	2209.073067	18.675776
371264.297393	7647159.454276	1055.883309	2219.073067	18.675776
371274.19103	7647157.999648	1051.579354	2229.073067	18.675776
371284.084668	7647156.54502	1047.275399	2239.073067	18.675776
371293.978305	7647155.090392	1042.971444	2249.073067	18.675776
371303.850477	7647153.498881	1038.868577	2259.072701	18.675776
371313.714467	7647151.855197	1034.842356	2269.072701	18.675776
371323.578457	7647150.211513	1030.816135	2279.072701	18.675776
371333.442447	7647148.567829	1026.789913	2289.072701	18.675776
371343.306438	7647146.924145	1022.763692	2299.072701	18.675776
371353.170428	7647145.280461	1018.737471	2309.072701	18.675776
371363.034418	7647143.636777	1014.711249	2319.072701	18.675776
371372.820228	7647141.587086	1011.03862	2329.070866	18.675776
371382.589256	7647139.450247	1007.441888	2339.070866	18.675776
371392.375558	7647137.394768	1003.825802	2349.0707	18.675776
371402.170128	7647135.378237	1000.200452	2359.0707	18.675776
371411.964698	7647133.361706	996.575102	2369.0707	18.675776
371421.759299	7647131.345325	992.864467	2379.0707	18.675776
371431.553948	7647129.329181	989.020344	2389.0707	18.675776
371441.348598	7647127.313036	985.176222	2399.0707	18.675776
371451.143247	7647125.296891	981.332099	2409.0707	18.675776
371460.937897	7647123.280747	977.487976	2419.0707	18.675776
371470.732547	7647121.264602	973.643853	2429.0707	18.675776
371480.494336	7647119.098772	969.827723	2439.069868	18.675776
371490.232839	7647116.826864	966.03143	2449.069868	18.675776
371499.971342	7647114.554956	962.235137	2459.069868	18.675776
371509.709844	7647112.283049	958.438845	2469.069868	18.675776
371519.53571	7647110.435681	954.95066	2479.067888	18.675776
371529.379988	7647108.677788	951.527412	2489.067888	18.675776
371539.224267	7647106.919896	948.104164	2499.067888	18.675776
371549.068545	7647105.162004	944.680917	2509.067888	18.675776
371558.912823	7647103.404111	941.257669	2519.067888	18.675776
371568.766927	7647101.703142	937.804178	2529.067721	18.675776
371578.630868	7647100.059165	934.320406	2539.067721	18.675776
371588.49481	7647098.415188	930.836634	2549.067721	18.675776
371598.358751	7647096.771211	927.352862	2559.067721	18.675776
371608.222693	7647095.127234	923.86909	2569.067721	18.675776
371618.086634	7647093.483257	920.385318	2579.067721	18.675776
371627.950575	7647091.83928	916.901546	2589.067721	18.675776
371637.814517	7647090.195303	913.417774	2599.067721	18.675776
371647.518874	7647087.784051	909.971302	2609.067155	18.675776
371657.266973	7647085.566259	906.544055	2619.064357	18.675776
371667.005467	7647083.314145	903.147103	2629.05987	18.675776
371676.676216	7647080.769225	899.757587	2639.05987	18.675776
371686.346964	7647078.224305	896.368071	2649.05987	18.675776
371696.017713	7647075.679385	892.978555	2659.05987	18.675776
371705.919462	7647074.396116	889.040173	2669.044428	18.675776
371715.864542	7647073.349508	884.998835	2679.044428	18.675776
371725.809621	7647072.302899	880.957498	2689.044428	18.675776
371735.754701	7647071.256291	876.91616	2699.044428	18.675776
371745.68504	7647070.088399	873.002746	2709.043208	18.675776
371755.591292	7647068.722315	869.298375	2719.043208	18.675776
371765.497543	7647067.356232	865.594004	2729.043208	18.675776
371775.403794	7647065.990149	861.889633	2739.043208	18.675776
371785.310046	7647064.624066	858.185262	2749.043208	18.675776
371795.216297	7647063.257983	854.480891	2759.043208	18.675776
371805.122549	7647061.891899	850.77652	2769.043208	18.675776
371815.0288	7647060.525816	847.072148	2779.043208	18.675776
371824.935036	7647059.159622	843.7406	2789.043208	18.675776
371834.835734	7647057.754702	840.452991	2799.043089	18.675776
371844.72781	7647056.289496	837.165471	2809.043089	18.675776
371854.651867	7647055.119402	833.923355	2819.035888	18.675776
371864.628178	7647054.431495	830.755422	2829.035888	18.675776
371874.60449	7647053.743588	827.58749	2839.035888	18.675776
371884.580801	7647053.055681	824.419557	2849.035888	18.675776
371894.557112	7647052.367774	821.251625	2859.035888	18.675776
371904.533423	7647051.679866	818.083692	2869.035888	18.675776
371914.509734	7647050.991959	814.91576	2879.035888	18.675776
371924.48346	7647050.268612	811.822364	2889.035811	18.675776
371934.45401	7647049.501704	808.82058	2899.035811	18.675776
371944.424559	7647048.734796	805.818796	2909.035811	18.675776
371954.395108	7647047.967888	802.817012	2919.035811	18.675776
371964.365657	7647047.200981	799.815228	2929.035811	18.675776
371974.336207	7647046.434073	796.813444	2939.035811	18.675776
371984.320095	7647046.014649	793.93304	2949.028505	18.675776
371994.320095	7647046.014929	791.199244	2959.028505	18.675776
372004.320095	7647046.015209	788.465447	2969.028505	18.675776
372014.320095	7647046.015467	785.731642	2979.028505	18.675776
372024.320095	7647046.015707	782.997829	2989.028505	18.675776
372034.320095	7647046.015947	780.264015	2999.028505	18.675776
372044.302407	7647045.555474	777.363884	3009.021432	18.675776
372054.272952	7647044.788507	774.353108	3019.021432	18.675776
372064.243496	7647044.021541	771.342331	3029.021432	18.675776
372074.214041	7647043.254574	768.331555	3039.021432	18.675776
372084.184586	7647042.487607	765.320779	3049.021432	18.675776
372094.155131	7647041.72064	762.310002	3059.021432	18.675776
372104.120753	7647040.893601	759.261808	3069.021313	18.675776
372114.083157	7647040.027287	756.189151	3079.021313	18.675776
372124.045562	7647039.160972	753.116493	3089.021313	18.675776
372134.007966	7647038.294658	750.043835	3099.021313	18.675776
372143.97037	7647037.428343	746.971178	3109.021313	18.675776
372153.912599	7647036.371613	744.08731	3119.019542	18.675776
372163.835339	7647035.130958	741.385797	3129.019542	18.675776
372173.758079	7647033.890304	738.684284	3139.019542	18.675776
372183.68082	7647032.649649	735.982772	3149.019542	18.675776
372193.554723	7647031.08487	733.452154	3159.016667	18.675776
372203.402491	7647029.346631	731.012994	3169.016667	18.675776
372213.250258	7647027.608392	728.573834	3179.016667	18.675776
372223.098026	7647025.870154	726.134674	3189.016667	18.675776
372232.945793	7647024.131915	723.695513	3199.016667	18.675776
372242.845558	7647022.987372	721.42064	3208.982374	18.675776
372252.845558	7647022.987311	719.462465	3218.982374	18.675776
372262.845558	7647022.98725	717.504291	3228.982374	18.675776
372272.845558	7647022.987189	715.546117	3238.982374	18.675776
372282.845558	7647022.987114	713.587946	3248.982374	18.675776
372292.845558	7647022.987033	711.629777	3258.982374	18.675776
372302.845558	7647022.986951	709.671608	3268.982374	18.675776
372312.845558	7647022.98687	707.713439	3278.982374	18.675776
372322.777596	7647021.828258	705.820927	3288.981762	18.675776
372332.709016	7647020.659115	703.929012	3298.981762	18.675776
372342.640436	7647019.489972	702.037096	3308.981762	18.675776
372352.571856	7647018.32083	700.145181	3318.981762	18.675776
372362.503276	7647017.151687	698.253265	3328.981762	18.675776
372372.457152	7647016.201964	696.209301	3338.980843	18.675776
372382.419511	7647015.335124	694.107902	3348.980843	18.675776
372392.381869	7647014.468284	692.006503	3358.980843	18.675776
372402.344228	7647013.601443	689.905104	3368.980843	18.675776
372412.306586	7647012.734603	687.803705	3378.980843	18.675776
372422.268945	7647011.867763	685.702306	3388.980843	18.675776
372432.21506	7647010.855442	683.477674	3398.978343	18.675776
372442.123273	7647009.503662	680.965494	3408.978343	18.675776
372452.031487	7647008.151882	678.453314	3418.978343	18.675776
372461.932887	7647006.751324	675.949609	3428.978307	18.675776
372471.8323	7647005.336534	673.448377	3438.978307	18.675776
372481.818615	7647005.144877	671.176917	3448.966462	18.675776
372491.818615	7647005.145827	668.941638	3458.966462	18.675776
372501.818615	7647005.146776	666.70636	3468.966462	18.675776
372511.818615	7647005.147726	664.471081	3478.966462	18.675776
372521.818615	7647005.148675	662.235803	3488.966462	18.675776
372531.818615	7647005.149625	660.000524	3498.966462	18.675776
372541.818615	7647005.150574	657.765246	3508.966462	18.675776
372551.818615	7647005.151571	655.719216	3518.966462	18.675776
372561.818615	7647005.152576	653.706421	3528.966462	18.675776
372571.818615	7647005.153582	651.693626	3538.966462	18.675776
372581.818615	7647005.154587	649.680831	3548.966462	18.675776
372591.818615	7647005.155592	647.668036	3558.966462	18.675776
372601.818614	7647005.156597	645.655241	3568.966462	18.675776
372611.818614	7647005.157602	643.642446	3578.966462	18.675776
372621.725891	7647006.401409	641.700482	3588.95151	18.675776
372631.615329	7647007.884317	639.772146	3598.95151	18.675776
372641.448738	7647009.699499	637.861825	3608.951051	18.675776
372651.277614	7647011.541565	635.952963	3618.951051	18.675776
372661.127067	7647013.248565	634.041646	3628.947329	18.675776
372671.058561	7647014.417081	632.120546	3638.947329	18.675776
372680.990055	7647015.585597	630.199446	3648.947329	18.675776
372690.921549	7647016.754113	628.278346	3658.947329	18.675776
372700.853042	7647017.922629	626.357246	3668.947329	18.675776
372710.784536	7647019.091145	624.436146	3678.947329	18.675776
372720.71603	7647020.259661	622.515047	3688.947329	18.675776
372730.673072	7647021.183158	620.551754	3698.947105	18.675776
372740.631999	7647022.08857	618.585346	3708.947105	18.675776
372750.590926	7647022.993983	616.618939	3718.947105	18.675776
372760.549853	7647023.899395	614.652532	3728.947105	18.675776
372770.50878	7647024.804807	612.686125	3738.947105	18.675776
372780.37054	7647023.398405	610.322028	3748.908645	18.675776
372790.218366	7647021.660499	607.900904	3758.908645	18.675776
372800.066192	7647019.922593	605.47978	3768.908645	18.675776
372809.914019	7647018.184687	603.058656	3778.908645	18.675776
372819.810745	7647016.753133	600.665591	3788.908372	18.675776
372829.710241	7647015.338927	598.274115	3798.908372	18.675776
372839.622863	7647014.109525	595.913238	3808.89694	18.675776
372849.622862	7647014.110441	593.756074	3818.89694	18.675776
372859.622862	7647014.111356	591.598909	3828.89694	18.675776
372869.622862	7647014.112272	589.441744	3838.89694	18.675776
372879.622862	7647014.113187	587.28458	3848.89694	18.675776
372889.622862	7647014.114103	585.127415	3858.89694	18.675776
372899.622862	7647014.115018	582.971279	3868.89694	18.675776
372909.622862	7647014.115885	580.88869	3878.89694	18.675776
372919.622862	7647014.116752	578.8061	3888.89694	18.675776
372929.622862	7647014.11762	576.723511	3898.89694	18.675776
372939.622862	7647014.118487	574.640922	3908.89694	18.675776
372949.622862	7647014.119354	572.558333	3918.89694	18.675776
372959.622862	7647014.120222	570.475744	3928.89694	18.675776
372969.540463	7647015.334077	568.37838	3938.888549	18.675776
372979.448713	7647016.685588	566.27934	3948.888549	18.675776
372989.354398	7647018.054534	564.181042	3958.888379	18.675776
372999.23198	7647019.614458	562.090882	3968.888379	18.675776
373009.109563	7647021.174382	560.000721	3978.888379	18.675776
373018.987145	7647022.734306	557.910561	3988.888379	18.675776
373028.895137	7647023.997458	555.753419	3998.876565	18.675776
373038.883816	7647024.473164	553.418548	4008.876565	18.675776
373048.872495	7647024.948869	551.083678	4018.876565	18.675776
373058.861173	7647025.424574	548.748807	4028.876565	18.675776
373068.849852	7647025.90028	546.413937	4038.876565	18.675776
373078.838531	7647026.375989	544.077154	4048.876565	18.675776
373088.827208	7647026.851729	541.727209	4058.876565	18.675776
373098.815885	7647027.327469	539.377264	4068.876565	18.675776
373108.804562	7647027.803209	537.027319	4078.876565	18.675776
373118.79324	7647028.278948	534.677374	4088.876565	18.675776
373128.768598	7647028.947075	532.335371	4098.874273	18.675776
373138.727546	7647029.852255	530.003152	4108.874273	18.675776
373148.686495	7647030.757436	527.670934	4118.874273	18.675776
373158.645443	7647031.662616	525.338716	4128.874273	18.675776
373168.602681	7647032.585709	522.999005	4138.874208	18.675776
373178.553075	7647033.580528	520.629291	4148.874208	18.675776
373188.503469	7647034.575347	518.259577	4158.874208	18.675776
373198.453863	7647035.570167	515.889864	4168.874208	18.675776
373208.404256	7647036.564986	513.52015	4178.874208	18.675776
373218.356423	7647037.535772	511.151107	4188.873611	18.675776
373228.345091	7647038.011695	508.795863	4198.873611	18.675776
373238.33376	7647038.487618	506.440619	4208.873611	18.675776
373248.322428	7647038.963541	504.085375	4218.873611	18.675776
373258.313187	7647039.38295	501.731506	4228.873169	18.675776
373268.309722	7647039.646144	499.381437	4238.873169	18.675776
373278.306258	7647039.909339	497.031368	4248.873169	18.675776
373288.302794	7647040.172533	494.681299	4258.873169	18.675776
373298.280672	7647040.804224	491.110443	4268.871022	18.675776
373308.252666	7647041.552109	487.154649	4278.871022	18.675776
373318.22466	7647042.299995	483.198855	4288.871022	18.675776
373328.196654	7647043.04788	479.243061	4298.871022	18.675776
373338.168648	7647043.795765	475.287267	4308.871022	18.675776
373348.12573	7647044.696677	471.384723	4318.868777	18.675776
373358.054495	7647045.888153	467.583289	4328.868777	18.675776
373367.983261	7647047.07963	463.781856	4338.868777	18.675776
373377.912026	7647048.271106	459.980423	4348.868777	18.675776
373387.840792	7647049.462583	456.17899	4358.868777	18.675776
373397.769557	7647050.65406	452.377557	4368.868777	18.675776
373407.698322	7647051.845536	448.576123	4378.868777	18.675776
373417.58161	7647053.354423	445.511654	4388.866583	18.675776
373427.445489	7647054.998775	442.76171	4398.866583	18.675776
373437.294711	7647056.7252	440.009423	4408.865969	18.675776
373447.118044	7647058.596599	437.252997	4418.865969	18.675776
373456.988727	7647060.189778	434.671561	4428.864399	18.675776
373466.878075	7647061.673288	432.159101	4438.864399	18.675776
373476.767423	7647063.156798	429.646642	4448.864399	18.675776
373486.65677	7647064.640308	427.134183	4458.864399	18.675776
373496.546118	7647066.123818	424.621724	4468.864399	18.675776
373506.435466	7647067.607328	422.109265	4478.864399	18.675776
373516.324814	7647069.090838	419.596805	4488.864399	18.675776
373526.214164	7647070.574332	417.145814	4498.864399	18.675776
373536.103518	7647072.057796	414.810716	4508.864399	18.675776
373545.992873	7647073.541259	412.475618	4518.864399	18.675776
373555.882228	7647075.024723	410.14052	4528.864399	18.675776
373565.853053	7647075.691259	407.787728	4538.857478	18.675776
373575.840604	7647076.190072	405.431304	4548.857478	18.675776
373585.828156	7647076.688886	403.074879	4558.857478	18.675776
373595.815707	7647077.1877	400.718455	4568.857478	18.675776
373605.803259	7647077.686513	398.36203	4578.857478	18.675776
373615.740674	7647077.013323	396.039614	4588.817669	18.675776
373625.584176	7647075.277411	393.754267	4598.813064	18.675776
373635.584176	7647075.277411	391.329705	4608.813064	18.675776
373645.584176	7647075.277411	388.905143	4618.813064	18.675776
373655.584176	7647075.277411	386.480582	4628.813064	18.675776
373665.584176	7647075.277411	384.05602	4638.813064	18.675776
373675.584176	7647075.277411	381.631458	4648.813064	18.675776
373685.584176	7647075.277411	379.206897	4658.813064	18.675776
373695.584176	7647075.277411	376.782335	4668.813064	18.675776
373705.584176	7647075.277411	374.42862	4678.813064	18.675776
373715.584176	7647075.277411	372.154441	4688.813064	18.675776
373725.584176	7647075.277411	369.880262	4698.813064	18.675776
373735.584176	7647075.277411	367.606083	4708.813064	18.675776
373745.584176	7647075.277411	365.331904	4718.813064	18.675776
373755.584176	7647075.277411	363.057725	4728.813064	18.675776
373765.584176	7647075.277411	360.783547	4738.813064	18.675776
373775.584176	7647075.277411	358.509368	4748.813064	18.675776
373785.584176	7647075.277411	356.235189	4758.813064	18.675776
373795.584176	7647075.277195	354.024664	4768.813064	18.675776
373805.584176	7647075.276813	351.86279	4778.813064	18.675776
373815.584176	7647075.276432	349.700916	4788.813064	18.675776
373825.584176	7647075.27605	347.539043	4798.813064	18.675776
373835.584176	7647075.275669	345.377169	4808.813064	18.675776
373845.584176	7647075.275287	343.215295	4818.813064	18.675776
373855.584176	7647075.274906	341.053422	4828.813064	18.675776
373865.584176	7647075.274525	338.891548	4838.813064	18.675776
373875.584176	7647075.274143	336.729674	4848.813064	18.675776
373885.584176	7647075.273698	334.623584	4858.813064	18.675776
373895.584176	7647075.273222	332.545916	4868.813064	18.675776
373905.584176	7647075.272745	330.468247	4878.813064	18.675776
373915.584176	7647075.272268	328.390578	4888.813064	18.675776
373925.584176	7647075.271791	326.312909	4898.813064	18.675776
373935.584176	7647075.271314	324.23524	4908.813064	18.675776
373945.584176	7647075.270838	322.157571	4918.813064	18.675776
373955.584176	7647075.270361	320.079902	4928.813064	18.675776
373965.584176	7647075.269884	318.002233	4938.813064	18.675776
373975.542429	7647074.474834	315.957974	4948.803004	18.675776
373985.487427	7647073.42745	313.924053	4958.803004	18.675776
373995.432425	7647072.380067	311.890132	4968.803004	18.675776
374005.377423	7647071.332684	309.856211	4978.803004	18.675776
374015.322421	7647070.2853	307.822289	4988.803004	18.675776
374025.26742	7647069.237917	305.788368	4998.803004	18.675776
374035.212418	7647068.190534	303.754447	5008.803004	18.675776
374045.157416	7647067.14315	301.720526	5018.803004	18.675776
374055.102414	7647066.095767	299.686605	5028.803004	18.675776
374065.042415	7647065.002217	297.620547	5038.802978	18.675776
374074.981203	7647063.897456	295.546686	5048.802978	18.675776
374084.919991	7647062.792695	293.472824	5058.802978	18.675776
374094.858779	7647061.687934	291.398963	5068.802978	18.675776
374104.797566	7647060.583173	289.325101	5078.802978	18.675776
374114.736354	7647059.478413	287.251239	5088.802978	18.675776
374124.675142	7647058.373652	285.177378	5098.802978	18.675776
374134.639929	7647057.574973	283.176802	5108.799721	18.675776
374144.622662	7647056.987567	281.226811	5118.799721	18.675776
374154.601219	7647056.333626	279.279019	5128.799683	18.675776
374164.579057	7647055.668231	277.331605	5138.799683	18.675776
374174.556846	7647055.002115	275.531711	5148.799683	18.675776
374184.53463	7647054.335901	273.751962	5158.799683	18.675776
374194.512413	7647053.669687	271.972213	5168.799683	18.675776
374204.490196	7647053.003473	270.192463	5178.799683	18.675776
374214.467979	7647052.337259	268.412714	5188.799683	18.675776
374224.445763	7647051.671045	266.632964	5198.799683	18.675776
374234.423546	7647051.00483	264.853215	5208.799683	18.675776
374244.389783	7647050.184886	263.260033	5218.799592	18.675776
374254.355137	7647049.353193	261.681108	5228.799592	18.675776
374264.320491	7647048.521501	260.102182	5238.799592	18.675776
374274.285846	7647047.689809	258.523257	5248.799592	18.675776
374284.2512	7647046.858117	256.944332	5258.799592	18.675776
374294.216555	7647046.026424	255.365406	5268.799592	18.675776
374304.214284	7647045.970826	254.089599	5278.797476	18.675776
374314.214284	7647045.969647	252.835045	5288.797476	18.675776
374324.214284	7647045.96847	251.580492	5298.797476	18.675776
374334.214284	7647045.967749	250.325948	5308.797476	18.675776
374344.214284	7647045.967029	249.071404	5318.797476	18.675776
374354.200156	7647045.823614	247.77847	5328.784378	18.675776
374364.006153	7647043.8634	245.996751	5338.784378	18.675776
374373.812149	7647041.903186	244.215032	5348.784378	18.675776
374383.618145	7647039.942973	242.433312	5358.784378	18.675776
374393.424141	7647037.982759	240.651593	5368.784378	18.675776
374403.230138	7647036.022545	238.869874	5378.784378	18.675776
374413.036134	7647034.062331	237.088155	5388.784378	18.675776
374422.864579	7647032.218041	235.125816	5398.784365	18.675776
374432.693448	7647030.375944	233.160061	5408.784365	18.675776
374442.522318	7647028.533846	231.194307	5418.784365	18.675776
374452.351187	7647026.691749	229.228552	5428.784365	18.675776
374462.180072	7647024.849729	227.424234	5438.784365	18.675776
374472.008958	7647023.00772	225.640582	5448.784365	18.675776
374481.837844	7647021.165711	223.856929	5458.784365	18.675776
374491.66673	7647019.323702	222.073277	5468.784365	18.675776
374501.495616	7647017.481692	220.289625	5478.784365	18.675776
374511.303375	7647015.530584	218.470345	5488.784313	18.675776
374521.109349	7647013.570259	216.648055	5498.784313	18.675776
374530.915323	7647011.609934	214.825765	5508.784313	18.675776
374540.721297	7647009.649609	213.003476	5518.784313	18.675776
374550.527271	7647007.689284	211.181186	5528.784313	18.675776
374560.333245	7647005.728959	209.358897	5538.784313	18.675776
374570.139219	7647003.768634	207.536607	5548.784313	18.675776
374579.842702	7647001.385492	205.727167	5558.776157	18.675776
374589.457895	7646998.638118	203.928795	5568.776157	18.675776
374599.026785	7646995.734665	202.112283	5578.775842	18.675776
374608.350428	7646992.130832	200.277122	5588.771738	18.675776
374617.635223	7646988.416994	198.439584	5598.771738	18.675776
374626.730044	7646984.294526	196.538908	5608.757253	18.675776
374635.554047	7646979.589533	194.548224	5618.757253	18.675776
374644.378051	7646974.884539	192.55754	5628.757253	18.675776
374653.202054	7646970.179546	190.566856	5638.757253	18.675776
374662.026058	7646965.474552	188.576172	5648.757253	18.675776
374670.850061	7646960.769559	186.585488	5658.757253	18.675776
374679.674065	7646956.064566	184.594804	5668.757253	18.675776
374688.705311	7646951.772838	182.373365	5678.75637	18.675776
374697.753681	7646947.515257	180.132859	5688.75637	18.675776
374706.802052	7646943.257676	177.892354	5698.75637	18.675776
374715.850422	7646939.000095	175.651848	5708.75637	18.675776
374725.023152	7646935.028522	173.570016	5718.751988	18.675776
374734.307915	7646931.314605	171.63113	5728.751988	18.675776
374743.592678	7646927.600689	169.692244	5738.751988	18.675776
374752.877441	7646923.886772	167.753357	5748.751988	18.675776
374762.162204	7646920.172856	165.814471	5758.751988	18.675776
374771.4917	7646916.581052	163.866554	5768.749015	18.675776
374780.978444	7646913.418506	161.886889	5778.749015	18.675776
374790.465188	7646910.255961	159.907224	5788.749015	18.675776
374799.951931	7646907.093416	157.927559	5798.749015	18.675776
374809.438675	7646903.93087	155.947894	5808.749015	18.675776
374818.925419	7646900.768325	153.968229	5818.749015	18.675776
374828.412162	7646897.605779	151.988564	5828.749015	18.675776
374837.59611	7646893.662518	149.746431	5838.743723	18.675776
374846.734369	7646889.601457	147.464695	5848.743723	18.675776
374855.80323	7646885.389184	145.17287	5858.743098	18.675776
374863.703399	7646879.400943	143.405609	5868.656306	18.675776
374871.13661	7646872.711594	141.855598	5878.656306	18.675776
374878.56982	7646866.022245	140.305588	5888.656306	18.675776
374886.00303	7646859.332896	138.755577	5898.656306	18.675776
374893.43624	7646852.643548	137.205566	5908.656306	18.675776
374900.86945	7646845.954199	135.655555	5918.656306	18.675776
374908.30266	7646839.26485	134.105544	5928.656306	18.675776
374915.73587	7646832.575501	132.555533	5938.656306	18.675776
374923.16908	7646825.886152	131.005522	5948.656306	18.675776
374930.60229	7646819.196804	129.455512	5958.656306	18.675776
374938.0355	7646812.507455	127.905501	5968.656306	18.675776
374946.36273	7646808.148024	126.406411	5978.055636	18.675776
374955.425256	7646804.175419	125.0227	5987.950632	18.675776
374964.370232	7646799.704692	123.64151	5997.950632	18.675776
374973.315208	7646795.233964	122.26032	6007.950632	18.675776
374982.260184	7646790.763237	120.879129	6017.950632	18.675776
374991.20516	7646786.292509	119.497939	6027.950632	18.675776
375000.150136	7646781.821781	118.116749	6037.950632	18.675776
375009.095112	7646777.351054	116.735558	6047.950632	18.675776
375018.040088	7646772.880326	115.354368	6057.950632	18.675776
375026.985064	7646768.409599	113.973178	6067.950632	18.675776
375035.93004	7646763.938871	112.591988	6077.950632	18.675776
375044.440838	7646758.693812	111.498611	6087.947849	18.675776
375052.920977	7646753.394071	110.425559	6097.947849	18.675776
375061.401115	7646748.09433	109.352507	6107.947849	18.675776
375069.881142	7646742.79441	108.3628	6117.947849	18.675776
375078.361121	7646737.494414	107.408497	6127.947849	18.675776
375086.8411	7646732.194419	106.454193	6137.947849	18.675776
375095.321079	7646726.894423	105.49989	6147.947849	18.675776
375103.801058	7646721.594427	104.545587	6157.947849	18.675776
375113.046083	7646718.446878	103.617197	6167.713993	18.675776
375122.968794	7646717.205985	102.711763	6177.713993	18.675776
375132.848034	7646715.666997	101.850784	6187.712387	18.675776
375142.711885	7646714.022479	101.005544	6197.712387	18.675776
375152.575737	7646712.37796	100.160303	6207.712387	18.675776
375162.439588	7646710.733441	99.315063	6217.712387	18.675776
375172.303439	7646709.088923	98.469822	6227.712387	18.675776
375182.16729	7646707.444404	97.624581	6237.712387	18.675776
375192.031141	7646705.799886	96.779341	6247.712387	18.675776
375201.846666	7646703.940999	95.949528	6257.702382	18.675776
375211.462038	7646701.194251	95.18361	6267.702382	18.675776
375221.227792	7646699.092621	94.410324	6277.691716	18.675776
375231.066615	7646697.304448	93.633458	6287.691716	18.675776
375240.148937	7646693.926958	92.792861	6297.381711	18.675776
375247.740834	7646687.418264	91.826705	6307.381711	18.675776
375255.332731	7646680.90957	90.860548	6317.381711	18.675776
375262.924629	7646674.400876	89.894392	6327.381711	18.675776
375270.516526	7646667.892182	88.928236	6337.381711	18.675776
375278.108423	7646661.383488	87.96208	6347.381711	18.675776
375285.70032	7646654.874794	86.995924	6357.381711	18.675776
375293.292217	7646648.3661	86.029768	6367.381711	18.675776
375300.884115	7646641.857406	85.063611	6377.381711	18.675776
375308.735526	7646635.672198	84.047908	6387.376783	18.675776
375317.044584	7646630.109067	82.996654	6397.376226	18.675776
375326.895245	7646628.431077	82.129864	6407.368782	18.675776
375336.759063	7646626.786361	81.264662	6417.368782	18.675776
375346.622881	7646625.141645	80.399461	6427.368782	18.675776
375356.486699	7646623.496929	79.53426	6437.368782	18.675776
375366.350517	7646621.852213	78.669058	6447.368782	18.675776
375376.214336	7646620.207497	77.803857	6457.368782	18.675776
375386.078154	7646618.562781	76.938655	6467.368782	18.675776
375395.96138	7646617.051152	76.10831	6477.366941	18.675776
375405.884112	7646615.810431	75.348916	6487.366941	18.675776
375415.806844	7646614.56971	74.589523	6497.366941	18.675776
375425.729576	7646613.328988	73.830129	6507.366941	18.675776
375435.652308	7646612.088267	73.070736	6517.366941	18.675776
375445.57504	7646610.847546	72.311342	6527.366941	18.675776
375455.497772	7646609.606825	71.551949	6537.366941	18.675776
375465.420524	7646608.366261	70.722169	6547.366941	18.675776
375475.343296	7646607.125866	69.816737	6557.366941	18.675776
375485.271785	7646605.933885	68.911334	6567.366725	18.675776
375495.210622	7646604.829569	68.005985	6577.366725	18.675776
375505.149459	7646603.725252	67.100636	6587.366725	18.675776
375515.129224	7646603.360572	66.135503	6597.353152	18.675776
375525.129224	7646603.361563	65.140814	6607.353152	18.675776
375535.129224	7646603.362555	64.146125	6617.353152	18.675776
375545.129224	7646603.363547	63.151435	6627.353152	18.675776
375555.129224	7646603.364539	62.156746	6637.353152	18.675776
375565.129224	7646603.36553	61.162057	6647.353152	18.675776
375575.129224	7646603.366399	60.027673	6657.353152	18.675776
375585.129224	7646603.367107	58.711877	6667.353152	18.675776
375595.129224	7646603.367816	57.396081	6677.353152	18.675776
375605.129224	7646603.368524	56.080285	6687.353152	18.675776
375615.129224	7646603.369233	54.764489	6697.353152	18.675776
375625.129224	7646603.369941	53.448692	6707.353152	18.675776
375635.063414	7646602.861866	51.99091	6717.300325	18.675776
375644.734121	7646600.31679	49.964658	6727.300325	18.675776
375654.404829	7646597.771713	47.938407	6737.300325	18.675776
375663.882036	7646594.654374	45.991717	6747.277061	18.675776
375673.112812	7646590.808236	44.146353	6757.277061	18.675776
375682.343587	7646586.962098	42.300988	6767.277061	18.675776
375691.574363	7646583.11596	40.455624	6777.277061	18.675776
375700.805139	7646579.269822	38.61026	6787.277061	18.675776
375710.035915	7646575.423684	36.764895	6797.277061	18.675776
375719.266709	7646571.577591	35.001459	6807.277061	18.675776
375728.497591	7646567.731706	33.615376	6817.277061	18.675776
375737.728472	7646563.885822	32.229293	6827.277061	18.675776
375746.959354	7646560.039937	30.843211	6837.277061	18.675776
375756.563611	7646557.321217	29.341774	6847.258704	18.675776
