x	y	z	L	slope
369070.630405	7647164.320540	1726.750000	0.000000	7.517456
369080.630405	7647164.320540	1725.430415	10.000000	7.517456
369090.630405	7647164.320540	1724.110829	20.000000	7.517456
369100.630405	7647164.320540	1722.791244	30.000000	7.517456
369110.630405	7647164.320540	1721.471659	40.000000	7.517456
369120.630405	7647164.320540	1720.152074	50.000000	7.517456
369130.630405	7647164.320540	1718.832488	60.000000	7.517456
369140.630405	7647164.320540	1717.512903	70.000000	7.517456
369150.630405	7647164.320540	1716.193318	80.000000	7.494266
369160.590066	7647164.595442	1714.886776	89.963454	7.109367
369170.168497	7647167.468363	1713.703498	99.963454	6.748501
369179.746927	7647170.341284	1712.520221	109.963454	6.748501
369189.325357	7647173.214205	1711.336943	119.963454	6.748501
369198.903787	7647176.087126	1710.153666	129.963454	6.748501
369208.482217	7647178.960047	1708.970388	139.963454	6.748501
369218.060647	7647181.832968	1707.787111	149.963454	6.748501
369227.639078	7647184.705889	1706.603833	159.963454	6.748501
369237.217508	7647187.578810	1705.420556	169.963454	6.748501
369246.795938	7647190.451731	1704.237278	179.963454	6.545479
369256.429779	7647193.131085	1703.125887	189.962946	6.291088
369266.077519	7647195.761888	1702.032528	199.962946	6.239889
369275.725258	7647198.392690	1700.939168	209.962946	6.239889
369285.372998	7647201.023493	1699.845808	219.962946	6.239889
369295.020737	7647203.654296	1698.752448	229.962946	6.570885
369304.552300	7647206.668862	1697.542452	239.959860	7.026860
369314.039278	7647209.830705	1696.287693	249.959860	7.152071
369323.526255	7647212.992548	1695.032935	259.959860	7.152071
369333.013233	7647216.154392	1693.778176	269.959860	7.532665
369342.535666	7647219.205581	1692.388452	279.959184	8.291835
369352.093600	7647222.145973	1690.863588	289.959184	8.670296
369361.651533	7647225.086364	1689.338724	299.959184	8.670296
369371.209467	7647228.026756	1687.813860	309.959184	8.670296
369380.767401	7647230.967148	1686.288996	319.959184	8.670296
369390.325334	7647233.907540	1684.764132	329.959184	8.670296
369399.883268	7647236.847931	1683.239268	339.959184	8.670296
369409.441202	7647239.788323	1681.714404	349.959184	8.981364
369419.188264	7647241.470857	1680.095535	359.850400	9.597792
369429.188264	7647241.471144	1678.350946	369.850400	9.906650
369439.187307	7647241.440717	1676.602848	379.849489	10.104455
369449.167906	7647240.818109	1674.787068	389.849489	10.291828
369459.148505	7647240.195502	1672.971289	399.849489	10.291828
369469.129105	7647239.572895	1671.155509	409.849489	10.291828
369479.109704	7647238.950288	1669.339729	419.849489	10.291828
369489.090303	7647238.327680	1667.523949	429.849489	10.291828
369499.070902	7647237.705073	1665.708169	439.849489	10.291828
369509.051501	7647237.082466	1663.892389	449.849489	10.373315
369519.032099	7647236.459831	1662.047220	459.849489	10.628304
369529.012693	7647235.837139	1660.139377	469.849489	10.801652
369538.993287	7647235.214447	1658.231534	479.849489	10.801652
369548.973880	7647234.591754	1656.323690	489.849489	10.801652
369558.954474	7647233.969062	1654.415847	499.849489	10.801652
369568.935068	7647233.346369	1652.508004	509.849489	10.801652
369578.915662	7647232.723677	1650.600161	519.849489	10.897185
369588.838275	7647231.593379	1648.660291	529.836271	11.075212
369598.702205	7647229.949335	1646.688007	539.836271	11.178499
369608.552997	7647228.231095	1644.708197	549.835794	11.234159
369618.381681	7647226.388011	1642.715723	559.835794	11.268798
369628.210366	7647224.544926	1640.723249	569.835794	11.182088
369638.087640	7647223.103456	1638.765811	579.817697	10.871434
369648.072279	7647222.549390	1636.885788	589.817697	10.647769
369658.056918	7647221.995323	1635.005765	599.817697	10.647769
369668.041557	7647221.441257	1633.125742	609.817697	10.647769
369678.026195	7647220.887191	1631.245719	619.817697	10.647769
369688.010834	7647220.333124	1629.365696	629.817697	10.699022
369697.996111	7647219.790870	1627.467149	639.817687	10.824884
369707.982318	7647219.265831	1625.541606	649.817687	10.899472
369717.968525	7647218.740791	1623.616064	659.817687	10.899472
369727.954733	7647218.215752	1621.690521	669.817687	10.899472
369737.940940	7647217.690712	1619.764978	679.817687	11.062080
369747.911009	7647217.027416	1617.782082	689.809795	12.502148
369757.749670	7647215.238355	1615.332183	699.809795	13.766162
369767.588332	7647213.449294	1612.882284	709.809795	13.766162
369777.426993	7647211.660233	1610.432385	719.809795	13.592004
369787.232140	7647209.705233	1608.047325	729.807942	13.188821
369796.993944	7647207.535627	1605.746121	739.807942	12.959698
369806.755748	7647205.366021	1603.444917	749.807942	12.959698
369816.517551	7647203.196415	1601.143713	759.807942	12.959698
369826.279355	7647201.026809	1598.842509	769.807942	12.959698
369836.041158	7647198.857203	1596.541306	779.807942	12.446721
369845.968002	7647199.117953	1594.443649	789.738209	11.756237
369855.933500	7647199.947921	1592.393666	799.738209	11.585375
369865.898998	7647200.777889	1590.343683	809.738209	11.568811
369875.864498	7647201.607836	1588.299724	819.738209	11.525881
369885.830001	7647202.437750	1586.265352	829.738209	11.499512
369895.795504	7647203.267663	1584.230979	839.738209	11.499512
369905.761006	7647204.097577	1582.196607	849.738209	11.785247
369915.645895	7647205.432071	1580.063570	859.712772	12.581882
369925.373907	7647207.748487	1577.738530	869.712772	13.089334
369935.101918	7647210.064904	1575.413490	879.712772	13.089334
369944.829930	7647212.381321	1573.088451	889.712772	13.089334
369954.557942	7647214.697738	1570.763411	899.712772	13.194158
369964.316460	7647216.872336	1568.400286	909.710649	13.505845
369974.136514	7647218.760866	1565.960335	919.710649	13.712373
369983.956567	7647220.649397	1563.520385	929.710649	13.863089
369993.732145	7647221.751739	1561.064752	939.548183	14.127398
370003.276548	7647218.767721	1558.527608	949.548183	14.236787
370012.820951	7647215.783702	1555.990464	959.548183	14.236787
370022.365354	7647212.799683	1553.453321	969.548183	14.236787
370031.909757	7647209.815664	1550.916177	979.548183	14.236787
370041.454161	7647206.831646	1548.379033	989.548183	14.333061
370051.024364	7647203.950149	1545.807488	999.542773	15.316882
370060.844295	7647202.060981	1542.902969	1009.542773	16.196519
370070.664226	7647200.171813	1539.998449	1019.542773	16.196519
370080.484157	7647198.282644	1537.093930	1029.542773	16.592321
370090.179102	7647195.858783	1534.041276	1039.536124	17.152486
370099.818943	7647193.199183	1530.923312	1049.536124	17.317804
370109.458784	7647190.539584	1527.805347	1059.536124	17.317804
370119.098625	7647187.879984	1524.687382	1069.536124	17.317804
370128.738465	7647185.220385	1521.569418	1079.536124	17.317804
370138.378306	7647182.560786	1518.451453	1089.536124	17.757065
370148.090491	7647180.180396	1515.164966	1099.535763	18.231689
370157.808952	7647177.824233	1511.863855	1109.535763	18.269165
370167.527414	7647175.468071	1508.562745	1119.535763	18.269165
370177.245876	7647173.111908	1505.261635	1129.535763	18.269165
370186.964337	7647170.755745	1501.960525	1139.535763	18.269165
370196.682799	7647168.399582	1498.659414	1149.535763	18.269165
370206.401261	7647166.043419	1495.358304	1159.535763	18.467337
370216.194158	7647164.239062	1491.994508	1169.493501	19.067603
370226.189562	7647163.935917	1488.460173	1179.493501	20.981035
370236.098719	7647164.320540	1484.357044	1189.410119	23.167277
370246.098719	7647164.320540	1479.937641	1199.410119	23.843271
370256.098719	7647164.320540	1475.518238	1209.410119	23.843271
370266.098719	7647164.320540	1471.098835	1219.410119	23.843271
370276.098719	7647164.320540	1466.679432	1229.410119	23.843271
370286.098719	7647164.320540	1462.260029	1239.410119	23.843271
370296.098719	7647164.320540	1457.840626	1249.410119	23.843271
370306.098719	7647164.320540	1453.421223	1259.410119	23.843271
370316.098719	7647164.320540	1449.001820	1269.410119	25.982821
370326.068073	7647163.584078	1443.676020	1279.406639	28.302359
370336.033502	7647162.753279	1438.234117	1289.406639	28.555448
370345.998931	7647161.922480	1432.792213	1299.406639	28.555448
370355.964360	7647161.091682	1427.350310	1309.406639	28.555448
370365.929789	7647160.260883	1421.908406	1319.406639	28.555448
370375.895218	7647159.430084	1416.466503	1329.406639	28.555448
370385.860647	7647158.599285	1411.024599	1339.406639	28.555448
370395.826076	7647157.768486	1405.582696	1349.406639	28.555448
370405.791505	7647156.937688	1400.140792	1359.406639	27.723655
370415.742574	7647155.950295	1395.072323	1369.406576	26.835255
370425.692908	7647154.954877	1390.022993	1379.406576	26.791508
370435.643242	7647153.959459	1384.973663	1389.406576	26.791508
370445.593576	7647152.964041	1379.924332	1399.406576	26.791508
370455.543910	7647151.968623	1374.875002	1409.406576	26.791508
370465.494243	7647150.973205	1369.825672	1419.406576	26.791508
370475.444577	7647149.977787	1364.776341	1429.406576	24.790677
370485.407738	7647149.134156	1360.589181	1439.405390	20.540023
370495.384020	7647148.445838	1357.283406	1449.405389	18.285991
370505.361840	7647147.780168	1353.980446	1459.405389	18.344694
370515.346360	7647147.315663	1350.653488	1469.400709	18.549548
370525.346360	7647147.315892	1347.271086	1479.400709	18.688156
370535.346360	7647147.316121	1343.888683	1489.400709	18.688156
370545.346360	7647147.316350	1340.506281	1499.400709	18.688156
370555.346360	7647147.316579	1337.123879	1509.400709	18.688156
370565.346360	7647147.316807	1333.741477	1519.400709	18.688156
370575.346360	7647147.317036	1330.359074	1529.400709	18.688156
370585.346360	7647147.317264	1326.961109	1539.400709	18.688156
370595.346360	7647147.317486	1323.420344	1549.400709	18.688156
370605.346360	7647147.317708	1319.879579	1559.400709	18.688156
370615.346360	7647147.317930	1316.338813	1569.400709	18.688156
370625.346360	7647147.318152	1312.798048	1579.400709	18.688156
370635.346360	7647147.318374	1309.257283	1589.400709	18.688156
370645.346360	7647147.318596	1305.716518	1599.400709	18.688156
370655.346360	7647147.318818	1302.175753	1609.400709	18.688156
370665.346360	7647147.318842	1298.487207	1619.400709	18.688156
370675.346360	7647147.318842	1294.781163	1629.400709	18.688156
370685.346360	7647147.318842	1291.075120	1639.400709	18.688156
370695.336121	7647147.001012	1287.390423	1649.395524	18.688156
370705.315385	7647146.357364	1283.727610	1659.395524	18.688156
370715.294650	7647145.713715	1280.064797	1669.395524	18.688156
370725.273914	7647145.070066	1276.401983	1679.395524	18.688156
370735.253178	7647144.426418	1272.739170	1689.395524	18.688156
370745.232443	7647143.782769	1269.076357	1699.395524	18.688156
370755.211707	7647143.139121	1265.413543	1709.395524	18.688156
370765.191320	7647142.500966	1261.786182	1719.395520	18.688156
370775.171854	7647141.877318	1258.252432	1729.395520	18.688156
370785.152389	7647141.253670	1254.718682	1739.395520	18.688156
370795.132923	7647140.630023	1251.184932	1749.395520	18.688156
370805.113457	7647140.006375	1247.651182	1759.395520	18.688156
370815.093991	7647139.382727	1244.117433	1769.395520	18.688156
370825.074525	7647138.759079	1240.583683	1779.395520	18.688156
370835.049614	7647139.363279	1237.327557	1789.388890	18.688156
370845.024223	7647140.075434	1234.095841	1799.388890	18.688156
370855.001697	7647140.743596	1230.857629	1809.388711	18.688156
370864.984454	7647141.330583	1227.607432	1819.388711	18.688156
370874.953013	7647142.037155	1224.305999	1829.382280	18.688156
370884.795680	7647143.804045	1220.550283	1839.382280	18.688156
370894.638347	7647145.570936	1216.794568	1849.382280	18.688156
370904.481015	7647147.337827	1213.038852	1859.382280	18.688156
370914.323682	7647149.104718	1209.283136	1869.382280	18.688156
370924.166349	7647150.871609	1205.527421	1879.382280	18.688156
370934.009016	7647152.638500	1201.771705	1889.382280	18.688156
370943.848921	7647154.420579	1197.863730	1899.382256	18.688156
370953.683387	7647156.232560	1193.656012	1909.382256	18.688156
370963.517853	7647158.044540	1189.448295	1919.382256	18.688156
370973.352320	7647159.856521	1185.240578	1929.382256	18.688156
370983.186786	7647161.668501	1181.032861	1939.382256	18.688156
370993.021252	7647163.480482	1176.825144	1949.382256	18.688156
371002.944508	7647164.320540	1172.464837	1959.341007	18.688156
371012.944508	7647164.320540	1167.972644	1969.341007	18.688156
371022.944508	7647164.320540	1163.480451	1979.341007	18.688156
371032.943214	7647164.413867	1159.016644	1989.340148	18.688156
371042.939368	7647164.691190	1154.608800	1999.340148	18.688156
371052.935522	7647164.968514	1150.200957	2009.340148	18.688156
371062.931676	7647165.245837	1145.793114	2019.340148	18.688156
371072.927829	7647165.523161	1141.385271	2029.340148	18.688156
371082.923983	7647165.800484	1136.977428	2039.340148	18.688156
371092.920137	7647166.077808	1132.569585	2049.340148	18.688156
371102.916291	7647166.355131	1128.161742	2059.340148	18.688156
371112.912445	7647166.632455	1123.753898	2069.340148	18.688156
371122.909092	7647166.890435	1119.316532	2079.340123	18.688156
371132.906395	7647167.122645	1114.839834	2089.340123	18.688156
371142.903699	7647167.354855	1110.363137	2099.340123	18.688156
371152.901002	7647167.587065	1105.886440	2109.340123	18.688156
371162.898306	7647167.819276	1101.409743	2119.340123	18.688156
371172.895609	7647168.051486	1096.933046	2129.340123	18.688156
371182.892913	7647168.283696	1092.456349	2139.340123	18.688156
371192.890217	7647168.515907	1087.979652	2149.340123	18.688156
371202.887520	7647168.748117	1083.502955	2159.340123	18.688156
371212.810463	7647167.562672	1078.865943	2169.333624	18.688156
371222.658290	7647165.824772	1074.268818	2179.333624	18.688156
371232.512272	7647164.124925	1069.711099	2189.333146	18.688156
371242.405872	7647162.670045	1065.407057	2199.333146	18.688156
371252.299472	7647161.215164	1061.103015	2209.333146	18.688156
371262.193072	7647159.760284	1056.798973	2219.333146	18.688156
371272.086672	7647158.305403	1052.494932	2229.333146	18.688156
371281.980272	7647156.850523	1048.190890	2239.333146	18.688156
371291.873872	7647155.395642	1043.886848	2249.333146	18.688156
371301.752310	7647153.844087	1039.724834	2259.332688	18.688156
371311.616256	7647152.200139	1035.698558	2269.332688	18.688156
371321.480202	7647150.556192	1031.672281	2279.332688	18.688156
371331.344148	7647148.912244	1027.646005	2289.332688	18.688156
371341.208095	7647147.268297	1023.619728	2299.332688	18.688156
371351.072041	7647145.624349	1019.593452	2309.332688	18.688156
371360.935987	7647143.980401	1015.567175	2319.332688	18.688156
371370.741906	7647142.035144	1011.803391	2329.329692	18.688156
371380.510895	7647139.898120	1008.206668	2339.329692	18.688156
371390.291741	7647137.816950	1004.596668	2349.329503	18.688156
371400.086312	7647135.800425	1000.971301	2359.329503	18.688156
371409.880884	7647133.783901	997.345934	2369.329503	18.688156
371419.675443	7647131.767319	993.682011	2379.329503	18.688156
371429.469948	7647129.750468	989.837838	2389.329503	18.688156
371439.264452	7647127.733618	985.993665	2399.329503	18.688156
371449.058956	7647125.716768	982.149491	2409.329503	18.688156
371458.853461	7647123.699918	978.305318	2419.329503	18.688156
371468.647965	7647121.683068	974.461145	2429.329503	18.688156
371478.421550	7647119.570959	970.634879	2439.328702	18.688156
371488.159882	7647117.298320	966.838792	2449.328702	18.688156
371497.898215	7647115.025682	963.042705	2459.328702	18.688156
371507.636547	7647112.753043	959.246618	2469.328702	18.688156
371517.439907	7647110.796315	955.679382	2479.325434	18.688156
371527.284115	7647109.038030	952.255902	2489.325434	18.688156
371537.128323	7647107.279746	948.832422	2499.325434	18.688156
371546.972531	7647105.521461	945.408942	2509.325434	18.688156
371556.816740	7647103.763177	941.985462	2519.325434	18.688156
371566.666587	7647102.037557	938.544665	2529.325297	18.688156
371576.530462	7647100.393179	935.060797	2539.325297	18.688156
371586.394337	7647098.748802	931.576929	2549.325297	18.688156
371596.258211	7647097.104425	928.093061	2559.325297	18.688156
371606.122086	7647095.460048	924.609192	2569.325297	18.688156
371615.985961	7647093.815671	921.125324	2579.325297	18.688156
371625.849836	7647092.171293	917.641456	2589.325297	18.688156
371635.713710	7647090.526916	914.157588	2599.325297	18.688156
371645.453124	7647088.284125	910.703008	2609.319610	18.688156
371655.179105	7647085.967942	907.267049	2619.317581	18.688156
371664.946238	7647083.839634	903.867388	2629.313908	18.688156
371674.617048	7647081.294947	900.479140	2639.313908	18.688156
371684.287858	7647078.750261	897.090893	2649.313908	18.688156
371693.958668	7647076.205574	893.702645	2659.313908	18.688156
371703.803702	7647074.612482	889.899512	2669.287004	18.688156
371713.748771	7647073.565770	885.858164	2679.287004	18.688156
371723.693840	7647072.519058	881.816816	2689.287004	18.688156
371733.638909	7647071.472345	877.775469	2699.287004	18.688156
371743.577497	7647070.372317	873.790357	2709.286284	18.688156
371753.483734	7647069.006130	870.085980	2719.286284	18.688156
371763.389971	7647067.639943	866.381604	2729.286284	18.688156
371773.296208	7647066.273756	862.677227	2739.286284	18.688156
371783.202445	7647064.907569	858.972851	2749.286284	18.688156
371793.108682	7647063.541382	855.268474	2759.286284	18.688156
371803.014919	7647062.175195	851.564098	2769.286284	18.688156
371812.921157	7647060.809008	847.859721	2779.286284	18.688156
371822.827397	7647059.442845	844.439755	2789.286284	18.688156
371832.731112	7647058.059027	841.152076	2799.286211	18.688156
371842.623184	7647056.593787	837.864582	2809.286211	18.688156
371852.529243	7647055.257643	834.596942	2819.281975	18.688156
371862.505573	7647054.570011	831.429042	2829.281975	18.688156
371872.481903	7647053.882379	828.261142	2839.281975	18.688156
371882.458233	7647053.194748	825.093241	2849.281975	18.688156
371892.434564	7647052.507116	821.925341	2859.281975	18.688156
371902.410894	7647051.819484	818.757441	2869.281975	18.688156
371912.387224	7647051.131852	815.589541	2879.281975	18.688156
371922.362196	7647050.425600	812.460820	2889.281918	18.688156
371932.332771	7647049.659022	809.459033	2899.281918	18.688156
371942.303346	7647048.892443	806.457247	2909.281918	18.688156
371952.273920	7647048.125865	803.455460	2919.281918	18.688156
371962.244495	7647047.359287	800.453673	2929.281918	18.688156
371972.215069	7647046.592708	797.451886	2939.281918	18.688156
371982.192723	7647046.010434	794.514574	2949.276548	18.688156
371992.192723	7647046.009900	791.780772	2959.276548	18.688156
372002.192723	7647046.009365	789.046970	2969.276548	18.688156
372012.192723	7647046.008855	786.313168	2979.276548	18.688156
372022.192723	7647046.008398	783.579366	2989.276548	18.688156
372032.192723	7647046.007940	780.845565	2999.276548	18.688156
372042.181335	7647045.711006	778.004573	3009.269572	18.688156
372052.151901	7647044.944324	774.993744	3019.269572	18.688156
372062.122468	7647044.177642	771.982916	3029.269572	18.688156
372072.093034	7647043.410959	768.972087	3039.269572	18.688156
372082.063601	7647042.644277	765.961259	3049.269572	18.688156
372092.034168	7647041.877595	762.950430	3059.269572	18.688156
372102.001545	7647041.071981	759.915351	3069.269454	18.688156
372111.963976	7647040.205969	756.842652	3079.269454	18.688156
372121.926407	7647039.339956	753.769953	3089.269454	18.688156
372131.888837	7647038.473944	750.697254	3099.269454	18.688156
372141.851268	7647037.607932	747.624555	3109.269454	18.688156
372151.801955	7647036.631043	744.661862	3119.267978	18.688156
372161.724761	7647035.390919	741.960337	3129.267978	18.688156
372171.647568	7647034.150796	739.258811	3139.267978	18.688156
372181.570375	7647032.910672	736.557286	3149.267978	18.688156
372191.460326	7647031.452390	733.970831	3159.264864	18.688156
372201.308243	7647029.714996	731.531596	3169.264864	18.688156
372211.156160	7647027.977602	729.092362	3179.264864	18.688156
372221.004077	7647026.240209	726.653127	3189.264864	18.688156
372230.851993	7647024.502815	724.213893	3199.264864	18.688156
372240.719561	7647022.989860	721.836823	3209.247746	18.688156
372250.719561	7647022.989402	719.878683	3219.247746	18.688156
372260.719561	7647022.988944	717.920544	3229.247746	18.688156
372270.719561	7647022.988487	715.962405	3239.247746	18.688156
372280.719561	7647022.987960	714.004254	3249.247746	18.688156
372290.719561	7647022.987349	712.046088	3259.247746	18.688156
372300.719561	7647022.986739	710.087922	3269.247746	18.688156
372310.719561	7647022.986129	708.129756	3279.247746	18.688156
372320.666274	7647022.076696	706.223135	3289.235947	18.688156
372330.597824	7647020.908654	704.331180	3299.235947	18.688156
372340.529373	7647019.740612	702.439225	3309.235947	18.688156
372350.460923	7647018.572569	700.547270	3319.235947	18.688156
372360.392472	7647017.404527	698.655315	3329.235947	18.688156
372370.339877	7647016.391562	696.655879	3339.234795	18.688156
372380.302316	7647015.525639	694.554529	3349.234795	18.688156
372390.264754	7647014.659716	692.453180	3359.234795	18.688156
372400.227192	7647013.793793	690.351831	3369.234795	18.688156
372410.189630	7647012.927870	688.250482	3379.234795	18.688156
372420.152069	7647012.061947	686.149133	3389.234795	18.688156
372430.109698	7647011.152930	684.011337	3399.233829	18.688156
372440.017920	7647009.801219	681.499138	3409.233829	18.688156
372449.926143	7647008.449508	678.986938	3419.233829	18.688156
372459.829424	7647007.062415	676.480903	3429.233779	18.688156
372469.728849	7647005.647710	673.979679	3439.233779	18.688156
372479.693702	7647005.153211	671.651503	3449.210894	18.688156
372489.693702	7647005.153042	669.416286	3459.210894	18.688156
372499.693702	7647005.152872	667.181069	3469.210894	18.688156
372509.693702	7647005.152703	664.945852	3479.210894	18.688156
372519.693702	7647005.152533	662.710635	3489.210894	18.688156
372529.693702	7647005.152363	660.475418	3499.210894	18.688156
372539.693702	7647005.152194	658.240201	3509.210894	18.688156
372549.693702	7647005.152018	656.146927	3519.210894	18.688156
372559.693702	7647005.151839	654.134147	3529.210894	18.688156
372569.693702	7647005.151659	652.121367	3539.210894	18.688156
372579.693702	7647005.151479	650.108587	3549.210894	18.688156
372589.693702	7647005.151300	648.095807	3559.210894	18.688156
372599.693702	7647005.151120	646.083027	3569.210894	18.688156
372609.693702	7647005.150941	644.070247	3579.210894	18.688156
372619.624533	7647006.078492	642.110287	3589.184948	18.688156
372629.513947	7647007.561558	640.181954	3599.184948	18.688156
372639.360154	7647009.300813	638.267502	3609.183588	18.688156
372649.188939	7647011.143361	636.358646	3619.183588	18.688156
372659.017724	7647012.985909	634.449790	3629.183588	18.688156
372668.948092	7647014.161761	632.528807	3639.183330	18.688156
372678.879612	7647015.330060	630.607686	3649.183330	18.688156
372688.811131	7647016.498359	628.686566	3659.183330	18.688156
372698.742651	7647017.666657	626.765445	3669.183330	18.688156
372708.674170	7647018.834956	624.844325	3679.183330	18.688156
372718.605689	7647020.003255	622.923204	3689.183330	18.688156
372728.556924	7647020.982433	620.969458	3699.182623	18.688156
372738.515872	7647021.887616	619.002946	3709.182623	18.688156
372748.474820	7647022.792799	617.036435	3719.182623	18.688156
372758.433768	7647023.697982	615.069923	3729.182623	18.688156
372768.392715	7647024.603165	613.103411	3739.182623	18.688156
372778.278110	7647023.760187	610.836321	3749.103895	18.688156
372788.125825	7647022.021648	608.415248	3759.103895	18.688156
372797.973539	7647020.283108	605.994176	3769.103895	18.688156
372807.821254	7647018.544569	603.573103	3779.103895	18.688156
372817.706919	7647017.043698	601.173793	3789.102845	18.688156
372827.606346	7647015.629005	598.782374	3799.102845	18.688156
372837.505772	7647014.214312	596.390955	3809.102845	18.688156
372847.497629	7647014.100173	594.214778	3819.095353	18.688156
372857.497629	7647014.100614	592.057564	3829.095353	18.688156
372867.497629	7647014.101055	589.900350	3839.095353	18.688156
372877.497629	7647014.101495	587.743136	3849.095353	18.688156
372887.497629	7647014.101936	585.585922	3859.095353	18.688156
372897.497629	7647014.102377	583.428708	3869.095353	18.688156
372907.497629	7647014.102799	581.331258	3879.095353	18.688156
372917.497629	7647014.103217	579.248630	3889.095353	18.688156
372927.497629	7647014.103634	577.166003	3899.095353	18.688156
372937.497629	7647014.104052	575.083376	3909.095353	18.688156
372947.497629	7647014.104470	573.000749	3919.095353	18.688156
372957.497629	7647014.104887	570.918121	3929.095353	18.688156
372967.434917	7647015.029142	568.824241	3939.075531	18.688156
372977.343236	7647016.380143	566.725162	3949.075531	18.688156
372987.251556	7647017.731144	564.626084	3959.075531	18.688156
372997.133182	7647019.263621	562.534766	3969.075282	18.688156
373007.010861	7647020.822935	560.444595	3979.075282	18.688156
373016.888540	7647022.382250	558.354425	3989.075282	18.688156
373026.773303	7647023.872394	556.248639	3999.071735	18.688156
373036.761995	7647024.347826	553.913784	4009.071735	18.688156
373046.750687	7647024.823258	551.578928	4019.071735	18.688156
373056.739379	7647025.298690	549.244072	4029.071735	18.688156
373066.728071	7647025.774122	546.909216	4039.071735	18.688156
373076.716762	7647026.249554	544.574361	4049.071735	18.688156
373086.705453	7647026.725012	542.225612	4059.071735	18.688156
373096.694144	7647027.200472	539.875563	4069.071735	18.688156
373106.682834	7647027.675931	537.525515	4079.071735	18.688156
373116.671525	7647028.151391	535.175467	4089.071735	18.688156
373126.653280	7647028.727030	532.829662	4099.070075	18.688156
373136.612212	7647029.632390	530.497823	4109.070075	18.688156
373146.571144	7647030.537750	528.165984	4119.070075	18.688156
373156.530076	7647031.443110	525.834146	4129.070075	18.688156
373166.489008	7647032.348470	523.502307	4139.070075	18.688156
373176.439491	7647033.342344	521.133096	4149.070070	18.688156
373186.389866	7647034.337347	518.763408	4159.070070	18.688156
373196.340242	7647035.332350	516.393721	4169.070070	18.688156
373206.290617	7647036.327352	514.024033	4179.070070	18.688156
373216.240992	7647037.322355	511.654346	4189.070070	18.688156
373226.223409	7647037.883050	509.296719	4199.068221	18.688156
373236.212073	7647038.359050	506.941445	4209.068221	18.688156
373246.200738	7647038.835050	504.586170	4219.068221	18.688156
373256.189822	7647039.299720	502.231171	4229.068107	18.688156
373266.186356	7647039.562975	499.881063	4239.068107	18.688156
373276.182891	7647039.826230	497.530955	4249.068107	18.688156
373286.179425	7647040.089485	495.180847	4259.068107	18.688156
373296.162593	7647040.616792	491.954887	4269.065191	18.688156
373306.134611	7647041.364351	487.998354	4279.065191	18.688156
373316.106630	7647042.111909	484.041820	4289.065191	18.688156
373326.078649	7647042.859468	480.085287	4299.065191	18.688156
373336.050667	7647043.607027	476.128754	4309.065191	18.688156
373346.016962	7647044.413351	472.192707	4319.064051	18.688156
373355.945809	7647045.604150	468.390699	4329.064051	18.688156
373365.874656	7647046.794950	464.588691	4339.064051	18.688156
373375.803502	7647047.985749	460.786684	4349.064051	18.688156
373385.732349	7647049.176548	456.984676	4359.064051	18.688156
373395.661196	7647050.367348	453.182668	4369.064051	18.688156
373405.590042	7647051.558147	449.380660	4379.064051	18.688156
373415.486858	7647052.972531	446.096837	4389.061422	18.688156
373425.350668	7647054.617294	443.346946	4399.061422	18.688156
373435.208430	7647056.295917	440.596088	4409.061084	18.688156
373445.031677	7647058.167769	437.839714	4419.061084	18.688156
373454.888111	7647059.844649	435.205874	4429.059146	18.688156
373464.777441	7647061.328275	432.693491	4439.059146	18.688156
373474.666772	7647062.811901	430.181108	4449.059146	18.688156
373484.556102	7647064.295527	427.668725	4459.059146	18.688156
373494.445432	7647065.779153	425.156342	4469.059146	18.688156
373504.334763	7647067.262779	422.643959	4479.059146	18.688156
373514.224093	7647068.746405	420.131576	4489.059146	18.688156
373524.113425	7647070.230021	417.642975	4499.059146	18.688156
373534.002766	7647071.713576	415.307890	4509.059146	18.688156
373543.892107	7647073.197131	412.972805	4519.059146	18.688156
373553.781448	7647074.680686	410.637719	4529.059146	18.688156
373563.729470	7647075.576120	408.289764	4539.047386	18.688156
373573.716977	7647076.075821	405.933149	4549.047386	18.688156
373583.704484	7647076.575523	403.576535	4559.047386	18.688156
373593.691991	7647077.075224	401.219920	4569.047386	18.688156
373603.679498	7647077.574926	398.863305	4579.047386	18.688156
373613.645695	7647077.369076	396.525754	4589.015708	18.688156
373623.487209	7647075.600233	394.243661	4599.014919	18.688156
373633.458100	7647075.277411	391.845004	4608.991034	18.688156
373643.458100	7647075.277411	389.420469	4618.991034	18.688156
373653.458100	7647075.277411	386.995934	4628.991034	18.688156
373663.458100	7647075.277411	384.571400	4638.991034	18.688156
373673.458100	7647075.277411	382.146865	4648.991034	18.688156
373683.458100	7647075.277411	379.722330	4658.991034	18.688156
373693.458100	7647075.277411	377.297795	4668.991034	18.688156
373703.458100	7647075.277411	374.912127	4678.991034	18.688156
373713.458100	7647075.277411	372.637949	4688.991034	18.688156
373723.458100	7647075.277411	370.363770	4698.991034	18.688156
373733.458100	7647075.277411	368.089591	4708.991034	18.688156
373743.458100	7647075.277411	365.815412	4718.991034	18.688156
373753.458100	7647075.277411	363.541233	4728.991034	18.688156
373763.458100	7647075.277411	361.267054	4738.991034	18.688156
373773.458100	7647075.277411	358.992875	4748.991034	18.688156
373783.458100	7647075.277411	356.718697	4758.991034	18.688156
373793.458100	7647075.277411	354.484295	4768.991034	18.688156
373803.458100	7647075.277411	352.322421	4778.991034	18.688156
373813.458100	7647075.277411	350.160547	4788.991034	18.688156
373823.458100	7647075.277411	347.998674	4798.991034	18.688156
373833.458100	7647075.277411	345.836800	4808.991034	18.688156
373843.458100	7647075.277411	343.674926	4818.991034	18.688156
373853.458100	7647075.277411	341.513052	4828.991034	18.688156
373863.458100	7647075.277411	339.351179	4838.991034	18.688156
373873.458100	7647075.277411	337.189305	4848.991034	18.688156
373883.458100	7647075.277411	335.065324	4858.991034	18.688156
373893.458100	7647075.277411	332.987679	4868.991034	18.688156
373903.458100	7647075.277411	330.910034	4878.991034	18.688156
373913.458100	7647075.277411	328.832389	4888.991034	18.688156
373923.458100	7647075.277411	326.754744	4898.991034	18.688156
373933.458100	7647075.277411	324.677099	4908.991034	18.688156
373943.458100	7647075.277411	322.599454	4918.991034	18.688156
373953.458100	7647075.277411	320.521809	4928.991034	18.688156
373963.458100	7647075.277411	318.444165	4938.991034	18.688156
373973.428164	7647074.706675	316.390386	4948.977421	18.688156
373983.373293	7647073.660528	314.356488	4958.977421	18.688156
373993.318421	7647072.614381	312.322590	4968.977421	18.688156
374003.263549	7647071.568234	310.288692	4978.977421	18.688156
374013.208677	7647070.522087	308.254794	4988.977421	18.688156
374023.153806	7647069.475941	306.220896	4998.977421	18.688156
374033.098934	7647068.429794	304.186998	5008.977421	18.688156
374043.044062	7647067.383647	302.153100	5018.977421	18.688156
374052.989191	7647066.337500	300.119202	5028.977421	18.688156
374062.930635	7647065.257278	298.061659	5038.977380	18.688156
374072.869541	7647064.153585	295.987828	5048.977380	18.688156
374082.808447	7647063.049891	293.913997	5058.977380	18.688156
374092.747354	7647061.946197	291.840166	5068.977380	18.688156
374102.686260	7647060.842503	289.766335	5078.977380	18.688156
374112.625167	7647059.738809	287.692504	5088.977380	18.688156
374122.564073	7647058.635116	285.618673	5098.977380	18.688156
374132.519479	7647057.725724	283.591485	5108.974235	18.688156
374142.502179	7647057.137772	281.641460	5118.974235	18.688156
374152.481737	7647056.499791	279.693092	5128.974164	18.688156
374162.459532	7647055.833756	277.745652	5138.974164	18.688156
374172.437353	7647055.168112	275.910514	5148.974164	18.688156
374182.415187	7647054.502659	274.130691	5158.974164	18.688156
374192.393021	7647053.837206	272.350867	5168.974164	18.688156
374202.370856	7647053.171753	270.571043	5178.974164	18.688156
374212.348690	7647052.506300	268.791219	5188.974164	18.688156
374222.326524	7647051.840848	267.011395	5198.974164	18.688156
374232.304358	7647051.175395	265.231571	5208.974164	18.688156
374242.273294	7647050.391358	263.595826	5218.973885	18.688156
374252.238712	7647049.560428	262.017056	5228.973885	18.688156
374262.204130	7647048.729498	260.438285	5238.973885	18.688156
374272.169548	7647047.898568	258.859514	5248.973885	18.688156
374282.134966	7647047.067638	257.280744	5258.973885	18.688156
374292.100384	7647046.236708	255.701973	5268.973885	18.688156
374302.090666	7647046.003285	254.356287	5278.966893	18.688156
374312.090666	7647046.003396	253.101702	5288.966893	18.688156
374322.090666	7647046.003507	251.847116	5298.966893	18.688156
374332.090666	7647046.003584	250.592530	5308.966893	18.688156
374342.090666	7647046.003652	249.337943	5318.966893	18.688156
374352.090666	7647046.003719	248.083356	5328.966893	18.688156
374361.922901	7647044.309181	246.373593	5338.944083	18.688156
374371.728773	7647042.348346	244.592302	5348.944083	18.688156
374381.534645	7647040.387510	242.811010	5358.944083	18.688156
374391.340517	7647038.426675	241.029719	5368.944083	18.688156
374401.146389	7647036.465840	239.248428	5378.944083	18.688156
374410.952261	7647034.505005	237.467137	5388.944083	18.688156
374420.775714	7647032.634923	235.543819	5398.943954	18.688156
374430.604450	7647030.792114	233.577820	5408.943954	18.688156
374440.433186	7647028.949305	231.611821	5418.943954	18.688156
374450.261922	7647027.106496	229.645822	5428.943954	18.688156
374460.090612	7647025.263440	227.802498	5438.943954	18.688156
374469.919280	7647023.420263	226.019055	5448.943954	18.688156
374479.747947	7647021.577086	224.235612	5458.943954	18.688156
374489.576614	7647019.733909	222.452169	5468.943954	18.688156
374499.405281	7647017.890733	220.668726	5478.943954	18.688156
374509.217710	7647015.963750	218.857786	5488.943805	18.688156
374519.023487	7647014.002441	217.035583	5498.943805	18.688156
374528.829264	7647012.041132	215.213379	5508.943805	18.688156
374538.635041	7647010.079823	213.391176	5518.943805	18.688156
374548.440819	7647008.118514	211.568973	5528.943805	18.688156
374558.246596	7647006.157205	209.746770	5538.943805	18.688156
374568.052373	7647004.195896	207.924566	5548.943805	18.688156
374577.796102	7647001.978665	206.110136	5558.936620	18.688156
374587.411304	7646999.231324	204.311805	5568.936620	18.688156
374596.992242	7646996.368501	202.500110	5578.936127	18.688156
374606.373945	7646992.929081	200.668543	5588.928422	18.688156
374615.658509	7646989.214668	198.831024	5598.928422	18.688156
374624.851922	7646985.304243	196.963244	5608.918930	18.688156
374633.675232	7646980.597949	194.972591	5618.918930	18.688156
374642.498542	7646975.891655	192.981939	5628.918930	18.688156
374651.321851	7646971.185361	190.991286	5638.918930	18.688156
374660.145161	7646966.479067	189.000634	5648.918930	18.688156
374668.968471	7646961.772772	187.009981	5658.918930	18.688156
374677.791781	7646957.066478	185.019329	5668.918930	18.688156
374686.774812	7646952.678608	182.851195	5678.916342	18.688156
374695.822973	7646948.420583	180.610690	5688.916342	18.688156
374704.871134	7646944.162558	178.370185	5698.916342	18.688156
374713.919295	7646939.904533	176.129680	5708.916342	18.688156
374723.041534	7646935.816867	173.983569	5718.912554	18.688156
374732.326380	7646932.103158	172.044662	5728.912554	18.688156
374741.611226	7646928.389448	170.105755	5738.912554	18.688156
374750.896071	7646924.675738	168.166848	5748.912554	18.688156
374760.180917	7646920.962028	166.227941	5758.912554	18.688156
374769.467397	7646917.252782	164.288705	5768.912416	18.688156
374778.954329	7646914.090798	162.309045	5778.912416	18.688156
374788.441260	7646910.928815	160.329385	5788.912416	18.688156
374797.928191	7646907.766832	158.349725	5798.912416	18.688156
374807.415122	7646904.604848	156.370064	5808.912416	18.688156
374816.902053	7646901.442865	154.390404	5818.912416	18.688156
374826.388984	7646898.280882	152.410744	5828.912416	18.688156
374835.647437	7646894.529741	150.233110	5838.901911	18.688156
374844.785742	7646890.468782	147.951369	5848.901911	18.688156
374853.876109	7646886.303370	145.662668	5858.901182	18.688156
374862.117849	7646880.828158	143.736281	5868.795838	18.688156
374869.550046	7646874.137684	142.186326	5878.795838	18.688156
374876.982242	7646867.447209	140.636370	5888.795838	18.688156
374884.414439	7646860.756734	139.086415	5898.795838	18.688156
374891.846636	7646854.066260	137.536459	5908.795838	18.688156
374899.278833	7646847.375785	135.986504	5918.795838	18.688156
374906.711029	7646840.685310	134.436548	5928.795838	18.688156
374914.143226	7646833.994836	132.886593	5938.795838	18.688156
374921.575423	7646827.304361	131.336637	5948.795838	18.688156
374929.007620	7646820.613886	129.786682	5958.795838	18.688156
374936.439816	7646813.923412	128.236726	5968.795838	18.688156
374944.223224	7646808.148024	126.706759	5978.487924	18.688156
374953.511221	7646805.131432	125.318214	5988.253513	18.688156
374962.455824	7646800.659959	123.937034	5998.253513	18.688156
374971.400428	7646796.188486	122.555855	6008.253513	18.688156
374980.345031	7646791.717013	121.174675	6018.253513	18.688156
374989.289635	7646787.245541	119.793496	6028.253513	18.688156
374998.234238	7646782.774068	118.412316	6038.253513	18.688156
375007.178842	7646778.302595	117.031137	6048.253513	18.688156
375016.123445	7646773.831123	115.649957	6058.253513	18.688156
375025.068049	7646769.359650	114.268778	6068.253513	18.688156
375034.012652	7646764.888177	112.887598	6078.253513	18.688156
375042.622976	7646759.820596	111.728274	6088.244412	18.688156
375051.103093	7646754.520821	110.655366	6098.244412	18.688156
375059.583210	7646749.221046	109.582458	6108.244412	18.688156
375068.063332	7646743.921278	108.567408	6118.244412	18.688156
375076.543459	7646738.621519	107.613019	6128.244412	18.688156
375085.023585	7646733.321759	106.658630	6138.244412	18.688156
375093.503712	7646728.021999	105.704240	6148.244412	18.688156
375101.983839	7646722.722240	104.749851	6158.244412	18.688156
375110.922007	7646718.711703	103.811004	6168.041108	18.688156
375120.845005	7646717.473112	102.905573	6178.041108	18.688156
375130.737238	7646716.023159	102.031728	6188.039040	18.688156
375140.601583	7646714.381605	101.186517	6198.039040	18.688156
375150.465928	7646712.740052	100.341305	6208.039040	18.688156
375160.330273	7646711.098499	99.496094	6218.039040	18.688156
375170.194618	7646709.456945	98.650883	6228.039040	18.688156
375180.058963	7646707.815392	97.805672	6238.039040	18.688156
375189.923308	7646706.173839	96.960461	6248.039040	18.688156
375199.787653	7646704.532286	96.115250	6258.039040	18.688156
375209.408791	7646701.810717	95.347652	6268.037701	18.688156
375219.127137	7646699.505597	94.576737	6278.025685	18.688156
375228.966089	7646697.718131	93.799924	6288.025685	18.688156
375238.519081	7646695.329875	92.999041	6297.872686	18.688156
375246.110709	7646688.820868	92.033066	6307.872686	18.688156
375253.702338	7646682.311860	91.067091	6317.872686	18.688156
375261.293966	7646675.802853	90.101116	6327.872686	18.688156
375268.885594	7646669.293845	89.135141	6337.872686	18.688156
375276.477223	7646662.784838	88.169166	6347.872686	18.688156
375284.068851	7646656.275830	87.203191	6357.872686	18.688156
375291.660480	7646649.766823	86.237216	6367.872686	18.688156
375299.252108	7646643.257815	85.271241	6377.872686	18.688156
375307.015638	7646636.963078	84.272394	6387.867491	18.688156
375315.255697	7646631.302411	83.222736	6397.864576	18.688156
375324.774481	7646628.785374	82.315854	6407.710526	18.688156
375334.638387	7646627.141183	81.450656	6417.710526	18.688156
375344.502293	7646625.496992	80.585459	6427.710526	18.688156
375354.366198	7646623.852801	79.720261	6437.710526	18.688156
375364.230104	7646622.208609	78.855063	6447.710526	18.688156
375374.094010	7646620.564418	77.989865	6457.710526	18.688156
375383.957915	7646618.920227	77.124667	6467.710526	18.688156
375393.828560	7646617.322263	76.271581	6477.709682	18.688156
375403.751332	7646616.081858	75.512176	6487.709682	18.688156
375413.674103	7646614.841454	74.752772	6497.709682	18.688156
375423.596875	7646613.601049	73.993367	6507.709682	18.688156
375433.519647	7646612.360645	73.233962	6517.709682	18.688156
375443.442418	7646611.120241	72.474558	6527.709682	18.688156
375453.365190	7646609.879836	71.715153	6537.709682	18.688156
375463.287952	7646608.639356	70.916837	6547.709682	18.688156
375473.210688	7646607.398666	70.011405	6557.709682	18.688156
375483.135687	7646606.177139	69.105984	6567.709569	18.688156
375493.074487	7646605.072486	68.200636	6577.709569	18.688156
375503.013287	7646603.967834	67.295288	6587.709569	18.688156
375512.979921	7646603.365784	66.349307	6597.694370	18.688156
375522.979921	7646603.366226	65.354617	6607.694370	18.688156
375532.979921	7646603.366669	64.359927	6617.694370	18.688156
375542.979921	7646603.367111	63.365238	6627.694370	18.688156
375552.979921	7646603.367554	62.370548	6637.694370	18.688156
375562.979921	7646603.367996	61.375858	6647.694370	18.688156
375572.979921	7646603.368411	60.310489	6657.694370	18.688156
375582.979921	7646603.368727	58.994692	6667.694370	18.688156
375592.979921	7646603.369043	57.678896	6677.694370	18.688156
375602.979921	7646603.369359	56.363099	6687.694370	18.688156
375612.979921	7646603.369675	55.047303	6697.694370	18.688156
375622.979921	7646603.369991	53.731506	6707.694370	18.688156
375632.979921	7646603.370307	52.415709	6717.694370	18.688156
375642.655665	7646600.863857	50.400148	6727.689485	18.688156
375652.326452	7646598.319084	48.373890	6737.689485	18.688156
375661.898271	7646595.481600	46.388315	6747.673023	18.688156
375671.129067	7646591.635512	44.542927	6757.673023	18.688156
375680.359864	7646587.789423	42.697539	6767.673023	18.688156
375689.590660	7646583.943335	40.852151	6777.673023	18.688156
375698.821457	7646580.097247	39.006763	6787.673023	18.688156
375708.052253	7646576.251158	37.161375	6797.673023	18.688156
375717.283050	7646572.405070	35.315987	6807.673023	18.688156
375726.514048	7646568.559464	33.913218	6817.673023	18.688156
375735.745053	7646564.713877	32.527133	6827.673023	18.688156
375744.976058	7646560.868290	31.141048	6837.673023	18.688156
375754.479322	7646557.844696	29.670845	6847.645692	18.688156
