x	y	z	L	slope
368981.587276	7647164.320540	1736.750000	0.000000	6.407950
368991.587276	7647164.320540	1735.626949	10.000000	6.407950
369001.587276	7647164.320540	1734.503897	20.000000	6.407950
369011.587276	7647164.320540	1733.380846	30.000000	6.407950
369021.587276	7647164.320540	1732.257795	40.000000	6.407950
369031.587276	7647164.320540	1731.134744	50.000000	6.407950
369041.587276	7647164.320540	1730.011692	60.000000	6.407950
369051.587276	7647164.320540	1728.888641	70.000000	6.407950
369061.587276	7647164.320540	1727.765590	80.000000	6.461149
369071.587276	7647164.320540	1726.623733	90.000000	7.016437
369081.587276	7647164.320540	1725.304147	100.000000	7.517456
369091.587276	7647164.320540	1723.984562	110.000000	7.517456
369101.587276	7647164.320540	1722.664977	120.000000	7.517456
369111.587276	7647164.320540	1721.345392	130.000000	7.517456
369121.587276	7647164.320540	1720.025806	140.000000	7.517456
369131.587276	7647164.320540	1718.706221	150.000000	7.517456
369141.587276	7647164.320540	1717.386636	160.000000	7.517456
369151.587276	7647164.320540	1716.067051	170.000000	7.472062
369161.587276	7647164.320540	1714.763585	180.000000	7.234710
369171.587276	7647164.320540	1713.528228	190.000000	7.042598
369181.587276	7647164.320540	1712.292872	200.000000	7.042598
369191.587276	7647164.320540	1711.057515	210.000000	7.042598
369201.587276	7647164.320540	1709.822159	220.000000	7.042598
369211.587276	7647164.320540	1708.586803	230.000000	7.042598
369221.587276	7647164.320540	1707.351446	240.000000	7.042598
369231.587276	7647164.320540	1706.116090	250.000000	7.042598
369241.587276	7647164.320540	1704.880733	260.000000	6.982438
369251.414369	7647165.301764	1703.681885	269.875959	6.620953
369260.812036	7647168.719931	1702.573709	279.875959	6.323768
369270.209702	7647172.138099	1701.465533	289.875959	6.323768
369279.607368	7647175.556267	1700.357356	299.875959	6.323768
369289.005034	7647178.974434	1699.249180	309.875959	6.323768
369298.402701	7647182.392602	1698.141003	319.875959	6.323768
369307.800367	7647185.810769	1697.032827	329.875959	6.323768
369317.198033	7647189.228937	1695.924651	339.875959	6.323768
369326.595699	7647192.647104	1694.816474	349.875959	6.323768
369335.993365	7647196.065272	1693.708298	359.875959	6.587961
369345.664227	7647198.567900	1692.507943	369.865388	6.908844
369355.398325	7647200.858605	1691.286252	379.865388	6.965464
369365.132423	7647203.149310	1690.064561	389.865388	6.965464
369374.866522	7647205.440015	1688.842870	399.865388	7.168839
369384.627329	7647207.500763	1687.552120	409.841362	9.101126
369394.627329	7647207.502171	1685.642931	419.841362	10.809096
369404.627329	7647207.503579	1683.733741	429.841362	10.809096
369414.627329	7647207.504988	1681.824551	439.841362	10.809096
369424.627329	7647207.506396	1679.915362	449.841362	10.809081
369434.627329	7647207.507598	1678.006177	459.841362	10.809062
369444.627329	7647207.508743	1676.096995	469.841362	10.809058
369454.627329	7647207.509887	1674.187812	479.841362	10.809058
369464.627329	7647207.511032	1672.278629	489.841362	10.788192
369474.619330	7647207.239516	1670.377816	499.837052	10.738235
369484.602067	7647206.652183	1668.486697	509.837052	10.709162
369494.584804	7647206.064849	1666.595578	519.837052	10.709162
369504.567541	7647205.477515	1664.704459	529.837052	10.709162
369514.550278	7647204.890182	1662.813341	539.837052	10.713393
369524.534632	7647204.331115	1660.920693	549.837046	10.718252
369534.519228	7647203.776265	1659.027818	559.837046	10.718879
369544.503823	7647203.221415	1657.134943	569.837046	10.718879
369554.488418	7647202.666565	1655.242067	579.837046	10.718879
369564.473013	7647202.111714	1653.349192	589.837046	10.904566
369574.345227	7647200.627923	1651.392394	599.820144	11.149263
369584.174089	7647198.785785	1649.410937	609.820144	11.208068
369594.002951	7647196.943646	1647.429481	619.820144	11.208068
369603.831813	7647195.101508	1645.448024	629.820144	11.338965
369613.692053	7647193.436647	1643.419101	639.819948	11.485379
369623.556075	7647191.793156	1641.384455	649.819948	11.405602
369633.447446	7647190.388995	1639.386389	659.810488	10.975874
369643.427950	7647189.764862	1637.507540	669.810488	10.641270
369653.408453	7647189.140728	1635.628692	679.810488	10.641270
369663.388957	7647188.516595	1633.749843	689.810488	10.641270
369673.369461	7647187.892461	1631.870995	699.810488	10.641270
369683.349965	7647187.268327	1629.992146	709.810488	10.641270
369693.330469	7647186.644194	1628.113297	719.810488	10.998500
369703.319589	7647186.179605	1626.105217	729.810406	11.377659
369713.309262	7647185.725254	1624.088843	739.810406	11.400446
369723.298935	7647185.270903	1622.072470	749.810406	11.400446
369733.288608	7647184.816553	1620.056096	759.810406	11.400446
369743.278281	7647184.362202	1618.039722	769.810406	11.400446
369753.267954	7647183.907851	1616.023349	779.810406	11.400446
369763.257627	7647183.453501	1614.006975	789.810406	12.217746
369773.055518	7647181.491272	1611.694478	799.802854	13.078513
369782.840879	7647179.430515	1609.362632	809.802854	13.148152
369792.703669	7647177.780385	1607.022782	819.802733	13.002650
369802.618181	7647177.993570	1604.763674	829.719536	12.675659
369812.556993	7647179.098114	1602.543363	839.719536	12.518740
369822.495805	7647180.202659	1600.323052	849.719536	12.518740
369832.434617	7647181.307203	1598.102741	859.719536	12.518740
369842.373428	7647182.411748	1595.882430	869.719536	12.518740
369852.312240	7647183.516293	1593.662120	879.719536	12.518740
369862.251052	7647184.620837	1591.441809	889.719536	12.514208
369872.190142	7647185.722687	1589.223163	899.719515	12.250225
369882.145085	7647186.670901	1587.099437	909.719515	11.990264
369892.100028	7647187.619115	1584.975712	919.719515	11.990264
369902.054971	7647188.567329	1582.851987	929.719515	11.990264
369912.009914	7647189.515543	1580.728262	939.719515	11.990264
369921.964857	7647190.463757	1578.604537	949.719515	11.990264
369931.919800	7647191.411970	1576.480812	959.719515	12.319772
369941.740773	7647193.245737	1574.238764	969.710221	12.717835
369951.530716	7647195.284615	1571.969310	979.710221	12.795241
369961.314183	7647197.348432	1569.697038	989.708999	13.085125
369970.859327	7647200.330079	1567.321063	999.708999	13.365901
369980.404471	7647203.311725	1564.945088	1009.708999	13.365901
369989.949616	7647206.293372	1562.569113	1019.708999	13.365901
369999.494760	7647209.275019	1560.193138	1029.708999	13.378288
370009.041667	7647212.225438	1557.814399	1039.701416	14.542064
370018.861667	7647210.336629	1555.007245	1049.701416	15.680709
370028.681667	7647208.447820	1552.200092	1059.701416	15.680709
370038.501667	7647206.559011	1549.392938	1069.701416	15.680709
370048.321667	7647204.670202	1546.585785	1079.701416	16.099556
370058.169956	7647202.936509	1543.620662	1089.701141	16.608692
370068.024521	7647201.237233	1540.620490	1099.701141	16.700639
370077.879087	7647199.537957	1537.620318	1109.701141	16.700639
370087.733652	7647197.838681	1534.620147	1119.701141	16.700639
370097.588218	7647196.139405	1531.619975	1129.701141	16.700639
370107.442783	7647194.440129	1528.619803	1139.701141	17.018790
370117.058135	7647191.740213	1525.502292	1149.688359	17.399799
370126.615754	7647188.798797	1522.356462	1159.688359	17.463205
370136.173372	7647185.857380	1519.210632	1169.688359	17.565188
370145.862473	7647183.406957	1516.027508	1179.682520	17.706112
370155.610986	7647181.178393	1512.827532	1189.682520	18.254072
370165.446769	7647179.375356	1509.431235	1199.682199	18.777033
370175.285527	7647177.586825	1506.028246	1209.682199	18.793936
370185.124285	7647175.798294	1502.625258	1219.682199	18.793936
370194.963043	7647174.009764	1499.222269	1229.682199	18.793936
370204.801801	7647172.221233	1495.819280	1239.682199	18.793936
370214.640558	7647170.432702	1492.416291	1249.682199	18.793936
370224.479316	7647168.644171	1489.013302	1259.682199	18.979978
370234.388593	7647167.359988	1485.540477	1269.674340	19.266890
370244.340590	7647166.381342	1482.025343	1279.674340	19.367825
370254.292588	7647165.402695	1478.510210	1289.674340	19.367825
370264.244585	7647164.424049	1474.995077	1299.674340	22.750524
370274.239508	7647164.320540	1470.125479	1309.669799	26.339977
370284.239508	7647164.320540	1465.095678	1319.669799	26.702272
370294.239508	7647164.320540	1460.065877	1329.669799	26.702272
370304.239508	7647164.320540	1455.036077	1339.669799	26.702272
370314.239508	7647164.320540	1450.006276	1349.669799	27.366998
370324.215290	7647163.738545	1444.687785	1359.662544	28.290638
370334.180720	7647162.907752	1439.245881	1369.662544	28.555449
370344.146149	7647162.076958	1433.803977	1379.662544	28.555449
370354.111578	7647161.246165	1428.362073	1389.662544	28.555449
370364.077008	7647160.415372	1422.920170	1399.662544	28.555449
370374.042437	7647159.584579	1417.478266	1409.662544	28.555449
370384.007867	7647158.753786	1412.036362	1419.662544	28.555449
370393.973296	7647157.922992	1406.594458	1429.662544	28.555449
370403.938725	7647157.092199	1401.152555	1439.662544	27.887468
370413.892608	7647156.135476	1396.011101	1449.662299	27.001698
370423.842950	7647155.140138	1390.961774	1459.662299	26.791492
370433.793291	7647154.144800	1385.912448	1469.662299	26.791492
370443.743633	7647153.149462	1380.863121	1479.662299	26.791492
370453.693975	7647152.154124	1375.813794	1489.662299	26.791492
370463.644317	7647151.158786	1370.764468	1499.662299	26.791492
370473.594659	7647150.163448	1365.715141	1509.662299	26.791492
370483.553023	7647149.263109	1361.203732	1519.661280	26.791492
370493.529368	7647148.575689	1357.897947	1529.661280	26.791492
370503.506983	7647147.907023	1354.594525	1539.661276	26.791492
370513.487455	7647147.319995	1351.282347	1549.658997	26.791492
370523.487455	7647147.320148	1347.899930	1559.658997	26.791492
370533.487455	7647147.320300	1344.517513	1569.658997	26.791492
370543.487455	7647147.320453	1341.135097	1579.658997	26.791492
370553.487455	7647147.320605	1337.752680	1589.658997	26.791492
370563.487455	7647147.320758	1334.370263	1599.658997	26.791492
370573.487455	7647147.320911	1330.987847	1609.658997	26.791492
370583.487455	7647147.321063	1327.605430	1619.658997	26.791492
370593.487455	7647147.321212	1324.078532	1629.658997	26.791492
370603.487455	7647147.321360	1320.537759	1639.658997	26.791492
370613.487455	7647147.321507	1316.996987	1649.658997	26.791492
370623.487455	7647147.321655	1313.456215	1659.658997	26.791492
370633.487455	7647147.321803	1309.915442	1669.658997	26.791492
370643.487455	7647147.321951	1306.374670	1679.658997	26.791492
370653.487455	7647147.322099	1302.833898	1689.658997	26.791492
370663.487455	7647147.322300	1299.176127	1699.658997	26.791492
370673.487455	7647147.322522	1295.470081	1709.658997	26.791492
370683.487455	7647147.322744	1291.764016	1719.658997	26.791492
370693.481058	7647147.124396	1288.071292	1729.654568	26.791492
370703.460310	7647146.480558	1284.408504	1739.654568	26.791492
370713.439563	7647145.836720	1280.745715	1749.654568	26.791492
370723.418815	7647145.192883	1277.082927	1759.654568	26.791492
370733.398067	7647144.549045	1273.420138	1769.654568	26.791492
370743.377319	7647143.905207	1269.757349	1779.654568	26.791492
370753.356571	7647143.261369	1266.094561	1789.654568	26.791492
370763.335936	7647142.619313	1262.443228	1799.654567	26.791492
370773.316463	7647141.995547	1258.909472	1809.654567	26.791492
370783.296990	7647141.371780	1255.375716	1819.654567	26.791492
370793.277517	7647140.748014	1251.841960	1829.654567	26.791492
370803.258044	7647140.124248	1248.308204	1839.654567	26.791492
370813.238570	7647139.500481	1244.774448	1849.654567	26.791492
370823.219097	7647138.876715	1241.240692	1859.654567	26.791492
370833.195261	7647139.232692	1237.928371	1869.637080	26.791492
370843.169836	7647139.945327	1234.696658	1879.637080	26.791492
370853.145763	7647140.637219	1231.461879	1889.636971	26.791492
370863.128498	7647141.224574	1228.211641	1899.636971	26.791492
370873.111234	7647141.811929	1224.961403	1909.636971	26.791492
370882.965769	7647143.479076	1221.248279	1919.631531	26.791492
370892.808512	7647145.245545	1217.492578	1929.631531	26.791492
370902.651255	7647147.012014	1213.736876	1939.631531	26.791492
370912.493998	7647148.778484	1209.981175	1949.631531	26.791492
370922.336741	7647150.544953	1206.225474	1959.631531	26.791492
370932.179483	7647152.311422	1202.469772	1969.631531	26.791492
370942.020994	7647154.084669	1198.645807	1979.631518	26.791492
370951.855574	7647155.896029	1194.437982	1989.631518	26.791492
370961.690155	7647157.707389	1190.230158	1999.631518	26.791492
370971.524736	7647159.518748	1186.022333	2009.631518	26.791492
370981.359316	7647161.330108	1181.814508	2019.631518	26.791492
370991.193897	7647163.141468	1177.606683	2029.631518	26.791492
371001.086220	7647164.320540	1173.299597	2039.593860	26.791492
371011.086220	7647164.320540	1168.807411	2049.593860	26.791492
371021.086220	7647164.320540	1164.315224	2059.593860	26.791492
371031.085639	7647164.362385	1159.835749	2069.593367	26.791492
371041.081783	7647164.640058	1155.427910	2079.593367	26.791492
371051.077927	7647164.917732	1151.020071	2089.593367	26.791492
371061.074071	7647165.195405	1146.612232	2099.593367	26.791492
371071.070216	7647165.473079	1142.204393	2109.593367	26.791492
371081.066360	7647165.750752	1137.796554	2119.593367	26.791492
371091.062504	7647166.028426	1133.388715	2129.593367	26.791492
371101.058648	7647166.306099	1128.980877	2139.593367	26.791492
371111.054792	7647166.583773	1124.573038	2149.593367	26.791492
371121.051216	7647166.850470	1120.148475	2159.593348	26.791492
371131.048513	7647167.082963	1115.671798	2169.593348	26.791492
371141.045810	7647167.315456	1111.195122	2179.593348	26.791492
371151.043107	7647167.547950	1106.718445	2189.593348	26.791492
371161.040404	7647167.780443	1102.241769	2199.593348	26.791492
371171.037701	7647168.012936	1097.765092	2209.593348	26.791492
371181.034998	7647168.245430	1093.288416	2219.593348	26.791492
371191.032295	7647168.477923	1088.811739	2229.593348	26.791492
371201.029592	7647168.710416	1084.335063	2239.593348	26.791492
371210.978649	7647167.879584	1079.721452	2249.577036	26.791492
371220.828107	7647166.152526	1075.123218	2259.576763	26.791492
371230.675914	7647164.414514	1070.526033	2269.576763	26.791492
371240.567039	7647162.944327	1066.206283	2279.576553	26.791492
371250.460639	7647161.489450	1061.902391	2289.576553	26.791492
371260.354240	7647160.034572	1057.598498	2299.576553	26.791492
371270.247840	7647158.579694	1053.294606	2309.576553	26.791492
371280.141441	7647157.124817	1048.990713	2319.576553	26.791492
371290.035041	7647155.669939	1044.686821	2329.576553	26.791492
371299.918991	7647154.153526	1040.473295	2339.576151	26.791492
371309.782937	7647152.509579	1036.447057	2349.576151	26.791492
371319.646883	7647150.865631	1032.420818	2359.576151	26.791492
371329.510829	7647149.221683	1028.394580	2369.576151	26.791492
371339.374776	7647147.577736	1024.368342	2379.576151	26.791492
371349.238722	7647145.933788	1020.342103	2389.576151	26.791492
371359.102668	7647144.289841	1016.315865	2399.576151	26.791492
371368.926303	7647142.436549	1012.472118	2409.573074	26.791492
371378.695371	7647140.299892	1008.875391	2419.573074	26.791492
371388.471548	7647138.196725	1005.270717	2429.572922	26.791492
371398.266217	7647136.180674	1001.645374	2439.572922	26.791492
371408.060886	7647134.164624	998.020031	2449.572922	26.791492
371417.855555	7647132.148573	994.394687	2459.572922	26.791492
371427.650041	7647130.131635	990.552468	2469.572922	26.791492
371437.444526	7647128.114689	986.708332	2479.572922	26.791492
371447.239010	7647126.097743	982.864195	2489.572922	26.791492
371457.033495	7647124.080797	979.020059	2499.572922	26.791492
371466.827980	7647122.063851	975.175922	2509.572922	26.791492
371476.611985	7647119.999187	971.340733	2519.572402	26.791492
371486.350308	7647117.726510	967.544552	2529.572402	26.791492
371496.088631	7647115.453832	963.748370	2539.572402	26.791492
371505.826954	7647113.181154	959.952188	2549.572402	26.791492
371515.610584	7647111.128579	956.315525	2559.569025	26.791492
371525.454793	7647109.370299	952.892151	2569.569025	26.791492
371535.299002	7647107.612018	949.468777	2579.569025	26.791492
371545.143211	7647105.853737	946.045403	2589.569025	26.791492
371554.987420	7647104.095456	942.622030	2599.569025	26.791492
371564.833614	7647102.348676	939.192553	2609.568964	26.791492
371574.697494	7647100.704331	935.708713	2619.568964	26.791492
371584.561374	7647099.059987	932.224873	2629.568964	26.791492
371594.425254	7647097.415642	928.741034	2639.568964	26.791492
371604.289135	7647095.771297	925.257194	2649.568964	26.791492
371614.153015	7647094.126953	921.773354	2659.568964	26.791492
371624.016895	7647092.482608	918.289514	2669.568964	26.791492
371633.880775	7647090.838264	914.805675	2679.568964	26.791492
371643.650127	7647088.739515	911.343995	2689.561211	26.791492
371653.356524	7647086.336307	907.900268	2699.560689	26.791492
371663.148711	7647084.316246	904.497535	2709.559067	26.791492
371672.819506	7647081.771504	901.109009	2719.559067	26.791492
371682.490302	7647079.226761	897.720482	2729.559067	26.791492
371692.161097	7647076.682019	894.331955	2739.559067	26.791492
371701.954766	7647074.808342	890.650943	2749.530356	26.791492
371711.899810	7647073.761397	886.609600	2759.530356	26.791492
371721.844855	7647072.714452	882.568256	2769.530356	26.791492
371731.789899	7647071.667507	878.526912	2779.530356	26.791492
371741.734943	7647070.620562	874.485568	2789.530356	26.791492
371751.641886	7647069.260216	870.774763	2799.530259	26.791492
371761.548090	7647067.893788	867.070373	2809.530259	26.791492
371771.454294	7647066.527359	863.365983	2819.530259	26.791492
371781.360498	7647065.160931	859.661592	2829.530259	26.791492
371791.266702	7647063.794503	855.957202	2839.530259	26.791492
371801.172905	7647062.428074	852.252812	2849.530259	26.791492
371811.079109	7647061.061646	848.548422	2859.530259	26.791492
371820.985324	7647059.695297	845.051036	2869.530259	26.791492
371830.891550	7647058.329027	841.763334	2879.530259	26.791492
371840.783698	7647056.864332	838.475810	2889.530255	26.791492
371850.675737	7647055.398878	835.188288	2899.530255	26.791492
371860.650341	7647054.695191	832.017978	2909.529650	26.791492
371870.626647	7647054.007207	828.850085	2919.529650	26.791492
371880.602953	7647053.319223	825.682191	2929.529650	26.791492
371890.579258	7647052.631238	822.514298	2939.529650	26.791492
371900.555564	7647051.943254	819.346404	2949.529650	26.791492
371910.531870	7647051.255270	816.178511	2959.529650	26.791492
371920.507889	7647050.563350	813.018903	2969.529635	26.791492
371930.478440	7647049.796468	810.017109	2979.529635	26.791492
371940.448991	7647049.029585	807.015315	2989.529635	26.791492
371950.419542	7647048.262702	804.013521	2999.529635	26.791492
371960.390094	7647047.495820	801.011727	3009.529635	26.791492
371970.360645	7647046.728937	798.009932	3019.529635	26.791492
371980.332822	7647046.004425	795.022937	3029.528097	26.791492
371990.332822	7647046.004882	792.289148	3039.528097	26.791492
372000.332822	7647046.005340	789.555358	3049.528097	26.791492
372010.332822	7647046.005790	786.821569	3059.528097	26.791492
372020.332822	7647046.006182	784.087776	3069.528097	26.791492
372030.332822	7647046.006574	781.353984	3079.528097	26.791492
372040.326897	7647045.852728	778.564547	3089.523357	26.791492
372050.297402	7647045.085242	775.553729	3099.523357	26.791492
372060.267907	7647044.317756	772.542911	3109.523357	26.791492
372070.238412	7647043.550270	769.532093	3119.523357	26.791492
372080.208916	7647042.782784	766.521275	3129.523357	26.791492
372090.179421	7647042.015298	763.510456	3139.523357	26.791492
372100.148249	7647041.227359	760.486881	3149.523275	26.791492
372110.110610	7647040.360546	757.414108	3159.523275	26.791492
372120.072971	7647039.493733	754.341335	3169.523275	26.791492
372130.035332	7647038.626920	751.268562	3179.523275	26.791492
372139.997693	7647037.760107	748.195789	3189.523275	26.791492
372149.955655	7647036.851780	745.164298	3199.522579	26.791492
372159.878461	7647035.611653	742.462752	3209.522579	26.791492
372169.801268	7647034.371526	739.761206	3219.522579	26.791492
372179.724074	7647033.131400	737.059660	3229.522579	26.791492
372189.627956	7647031.765619	734.424475	3239.520190	26.791492
372199.475858	7647030.028143	731.985596	3249.520190	26.791492
372209.323760	7647028.290667	729.546717	3259.520190	26.791492
372219.171663	7647026.553191	727.107837	3269.520190	26.791492
372229.019565	7647024.815715	724.668958	3279.520190	26.791492
372238.867467	7647023.078239	722.230079	3289.520190	26.791492
372248.858622	7647022.977463	720.243878	3299.511854	26.791492
372258.858622	7647022.977737	718.285626	3309.511854	26.791492
372268.858622	7647022.978012	716.327374	3319.511854	26.791492
372278.858622	7647022.978311	714.369124	3329.511854	26.791492
372288.858622	7647022.978677	712.410881	3339.511854	26.791492
372298.858622	7647022.979043	710.452638	3349.511854	26.791492
372308.858622	7647022.979410	708.494395	3359.511854	26.791492
372318.817974	7647022.286404	706.575467	3369.495287	26.791492
372328.749430	7647021.117567	704.683520	3379.495287	26.791492
372338.680886	7647019.948731	702.791572	3389.495287	26.791492
372348.612342	7647018.779894	700.899624	3399.495287	26.791492
372358.543798	7647017.611058	699.007677	3409.495287	26.791492
372368.485367	7647016.541053	697.047189	3419.494272	26.791492
372378.447735	7647015.674315	694.945733	3429.494272	26.791492
372388.410102	7647014.807577	692.844278	3439.494272	26.791492
372398.372470	7647013.940840	690.742822	3449.494272	26.791492
372408.334837	7647013.074102	688.641367	3459.494272	26.791492
372418.297204	7647012.207364	686.539911	3469.494272	26.791492
372428.259572	7647011.340627	684.438456	3479.494272	26.791492
372438.173290	7647010.037945	681.967043	3489.493211	26.791492
372448.081643	7647008.687189	679.454835	3499.493211	26.791492
372457.986685	7647007.312715	676.946731	3509.493164	26.791492
372467.886222	7647005.898795	674.445454	3519.493164	26.791492
372477.832520	7647005.142686	672.067994	3529.468159	26.791492
372487.832520	7647005.142042	669.832732	3539.468159	26.791492
372497.832520	7647005.141398	667.597470	3549.468159	26.791492
372507.832520	7647005.140754	665.362208	3559.468159	26.791492
372517.832520	7647005.140109	663.126947	3569.468159	26.791492
372527.832520	7647005.139465	660.891685	3579.468159	26.791492
372537.832520	7647005.138821	658.656423	3589.468159	26.791492
372547.832520	7647005.138160	656.521728	3599.468159	26.791492
372557.832520	7647005.137477	654.508954	3609.468159	26.791492
372567.832520	7647005.136795	652.496180	3619.468159	26.791492
372577.832520	7647005.136113	650.483406	3629.468159	26.791492
372587.832520	7647005.135431	648.470632	3639.468159	26.791492
372597.832520	7647005.134749	646.457858	3649.468159	26.791492
372607.832520	7647005.134067	644.445084	3659.468159	26.791492
372617.784114	7647005.782788	642.469253	3669.440875	26.791492
372627.673507	7647007.265996	640.540896	3679.440875	26.791492
372637.530973	7647008.938489	638.622800	3689.439219	26.791492
372647.359733	7647010.781173	636.713930	3699.439219	26.791492
372657.188492	7647012.623857	634.805060	3709.439219	26.791492
372667.100011	7647013.923357	632.886287	3719.435563	26.791492
372677.031567	7647015.091345	630.965116	3729.435563	26.791492
372686.963123	7647016.259333	629.043945	3739.435563	26.791492
372696.894679	7647017.427322	627.122774	3749.435563	26.791492
372706.826235	7647018.595310	625.201603	3759.435563	26.791492
372716.757791	7647019.763299	623.280432	3769.435563	26.791492
372726.703943	7647020.791240	621.334976	3779.434694	26.791492
372736.662899	7647021.696333	619.368219	3789.434694	26.791492
372746.621855	7647022.601427	617.401461	3799.434694	26.791492
372756.580811	7647023.506520	615.434704	3809.434694	26.791492
372766.539767	7647024.411613	613.467947	3819.434694	26.791492
372776.446138	7647024.066333	611.286309	3829.347080	26.791492
372786.293934	7647022.328253	608.865316	3839.347080	26.791492
372796.141730	7647020.590174	606.444323	3849.347080	26.791492
372805.989525	7647018.852095	604.023330	3859.347080	26.791492
372815.865635	7647017.291381	601.618560	3869.345749	26.791492
372825.765110	7647015.877026	599.227177	3879.345749	26.791492
372835.664585	7647014.462672	596.835794	3889.345749	26.791492
372845.637879	7647014.086437	594.616322	3899.326137	26.791492
372855.637879	7647014.085759	592.459042	3909.326137	26.791492
372865.637879	7647014.085081	590.301762	3919.326137	26.791492
372875.637879	7647014.084402	588.144482	3929.326137	26.791492
372885.637879	7647014.083724	585.987201	3939.326137	26.791492
372895.637879	7647014.083046	583.829921	3949.326137	26.791492
372905.637879	7647014.082390	581.718527	3959.326137	26.791492
372915.637879	7647014.081747	579.635823	3969.326137	26.791492
372925.637879	7647014.081105	577.553118	3979.326137	26.791492
372935.637879	7647014.080462	575.470414	3989.326137	26.791492
372945.637879	7647014.079820	573.387710	3999.326137	26.791492
372955.637879	7647014.079177	571.305006	4009.326137	26.791492
372965.592430	7647014.748390	569.214208	4019.303157	26.791492
372975.500694	7647016.099795	567.115166	4029.303157	26.791492
372985.408959	7647017.451201	565.016125	4039.303157	26.791492
372995.296176	7647018.945632	562.923177	4049.302677	26.791492
373005.173725	7647020.505772	560.833028	4059.302677	26.791492
373015.051273	7647022.065913	558.742879	4069.302677	26.791492
373024.928821	7647023.626054	556.652730	4079.302677	26.791492
373034.904271	7647024.230722	554.347066	4089.296436	26.791492
373044.892963	7647024.706144	552.012249	4099.296436	26.791492
373054.881655	7647025.181567	549.677433	4109.296436	26.791492
373064.870348	7647025.656989	547.342616	4119.296436	26.791492
373074.859040	7647026.132412	545.007799	4129.296436	26.791492
373084.847733	7647026.607820	542.661826	4139.296436	26.791492
373094.836426	7647027.083224	540.311694	4149.296436	26.791492
373104.825119	7647027.558627	537.961563	4159.296436	26.791492
373114.813812	7647028.034030	535.611431	4169.296436	26.791492
373124.801189	7647028.528461	533.262128	4179.296043	26.791492
373134.760140	7647029.433607	530.930699	4189.296043	26.791492
373144.719091	7647030.338752	528.599271	4199.296043	26.791492
373154.678043	7647031.243898	526.267843	4209.296043	26.791492
373164.636994	7647032.149044	523.936414	4219.296043	26.791492
373174.589085	7647033.126080	521.574336	4229.295979	26.791492
373184.539476	7647034.120926	519.204664	4239.295979	26.791492
373194.489867	7647035.115773	516.834992	4249.295979	26.791492
373204.440258	7647036.110619	514.465320	4259.295979	26.791492
373214.390649	7647037.105465	512.095649	4269.295979	26.791492
373224.366097	7647037.760548	509.735370	4279.292914	26.791492
373234.354778	7647038.236211	507.380051	4289.292914	26.791492
373244.343459	7647038.711873	505.024732	4299.292914	26.791492
373254.332140	7647039.187536	502.669414	4309.292914	26.791492
373264.327636	7647039.478811	500.318576	4319.292653	26.791492
373274.324175	7647039.741878	497.968424	4329.292653	26.791492
373284.320715	7647040.004945	495.618272	4339.292653	26.791492
373294.308516	7647040.440576	492.696226	4349.289950	26.791492
373304.280496	7647041.188644	488.738735	4359.289950	26.791492
373314.252477	7647041.936712	484.781244	4369.289950	26.791492
373324.224457	7647042.684780	480.823753	4379.289950	26.791492
373334.196438	7647043.432848	476.866262	4389.289950	26.791492
373344.168418	7647044.180916	472.908771	4399.289950	26.791492
373354.099451	7647045.349049	469.098064	4409.289448	26.791492
373364.028176	7647046.540864	465.295633	4419.289448	26.791492
373373.956901	7647047.732679	461.493201	4429.289448	26.791492
373383.885626	7647048.924494	457.690769	4439.289448	26.791492
373393.814351	7647050.116309	453.888337	4449.289448	26.791492
373403.743076	7647051.308124	450.085906	4459.289448	26.791492
373413.651771	7647052.639766	446.609419	4469.287224	26.791492
373423.515817	7647054.283117	443.859548	4479.287224	26.791492
373433.379863	7647055.926468	441.109676	4489.287224	26.791492
373443.204845	7647057.788679	438.353551	4499.287129	26.791492
373453.048953	7647059.538093	435.673709	4509.285475	26.791492
373462.938213	7647061.022190	433.161411	4519.285475	26.791492
373472.827472	7647062.506288	430.649113	4529.285475	26.791492
373482.716732	7647063.990385	428.136814	4539.285475	26.791492
373492.605992	7647065.474483	425.624516	4549.285475	26.791492
373502.495251	7647066.958580	423.112217	4559.285475	26.791492
373512.384511	7647068.442677	420.599919	4569.285475	26.791492
373522.273770	7647069.926775	418.087621	4579.285475	26.791492
373532.163003	7647071.411055	415.743335	4589.285475	26.791492
373542.052233	7647072.895345	413.408244	4599.285475	26.791492
373551.941464	7647074.379635	411.073152	4609.285475	26.791492
373561.869548	7647075.474462	408.729504	4619.273744	26.791492
373571.857107	7647075.973139	406.372757	4629.273744	26.791492
373581.844665	7647076.471816	404.016011	4639.273744	26.791492
373591.832223	7647076.970493	401.659264	4649.273744	26.791492
373601.819782	7647077.469169	399.302518	4659.273744	26.791492
373611.793086	7647077.543778	396.957768	4669.247327	26.791492
373621.655283	7647075.921706	394.668656	4679.242028	26.791492
373631.597203	7647075.277411	392.295818	4689.204803	26.791492
373641.597203	7647075.277411	389.871336	4699.204803	26.791492
373651.597203	7647075.277411	387.446854	4709.204803	26.791492
373661.597203	7647075.277411	385.022372	4719.204803	26.791492
373671.597203	7647075.277411	382.597891	4729.204803	26.791492
373681.597203	7647075.277411	380.173409	4739.204803	26.791492
373691.597203	7647075.277411	377.748927	4749.204803	26.791492
373701.597203	7647075.277411	375.335329	4759.204803	26.791492
373711.597203	7647075.277411	373.061150	4769.204803	26.791492
373721.597203	7647075.277411	370.786971	4779.204803	26.791492
373731.597203	7647075.277411	368.512792	4789.204803	26.791492
373741.597203	7647075.277411	366.238613	4799.204803	26.791492
373751.597203	7647075.277411	363.964434	4809.204803	26.791492
373761.597203	7647075.277411	361.690256	4819.204803	26.791492
373771.597203	7647075.277411	359.416077	4829.204803	26.791492
373781.597203	7647075.277411	357.141898	4839.204803	26.791492
373791.597203	7647075.277411	354.886597	4849.204803	26.791492
373801.597203	7647075.277411	352.724723	4859.204803	26.791492
373811.597203	7647075.277411	350.562850	4869.204803	26.791492
373821.597203	7647075.277411	348.400976	4879.204803	26.791492
373831.597203	7647075.277411	346.239102	4889.204803	26.791492
373841.597203	7647075.277411	344.077229	4899.204803	26.791492
373851.597203	7647075.277411	341.915355	4909.204803	26.791492
373861.597203	7647075.277411	339.753481	4919.204803	26.791492
373871.597203	7647075.277411	337.591607	4929.204803	26.791492
373881.597203	7647075.277411	335.451952	4939.204803	26.791492
373891.597203	7647075.277411	333.374307	4949.204803	26.791492
373901.597203	7647075.277411	331.296662	4959.204803	26.791492
373911.597203	7647075.277411	329.219017	4969.204803	26.791492
373921.597203	7647075.277411	327.141372	4979.204803	26.791492
373931.597203	7647075.277411	325.063728	4989.204803	26.791492
373941.597203	7647075.277411	322.986083	4999.204803	26.791492
373951.597203	7647075.277411	320.908438	5009.204803	26.791492
373961.597203	7647075.277411	318.830793	5019.204803	26.791492
373971.577441	7647074.900998	316.768874	5029.192137	26.791492
373981.522465	7647073.853867	314.734977	5039.192137	26.791492
373991.467490	7647072.806736	312.701079	5049.192137	26.791492
374001.412515	7647071.759604	310.667182	5059.192137	26.791492
374011.357539	7647070.712473	308.633285	5069.192137	26.791492
374021.302564	7647069.665341	306.599387	5079.192137	26.791492
374031.247589	7647068.618210	304.565490	5089.192137	26.791492
374041.192614	7647067.571079	302.531593	5099.192137	26.791492
374051.137638	7647066.523947	300.497696	5109.192137	26.791492
374061.080134	7647065.453448	298.447580	5119.192096	26.791492
374071.018929	7647064.348749	296.373730	5129.192096	26.791492
374080.957724	7647063.244051	294.299880	5139.192096	26.791492
374090.896518	7647062.139353	292.226030	5149.192096	26.791492
374100.835313	7647061.034655	290.152180	5159.192096	26.791492
374110.774108	7647059.929957	288.078330	5169.192096	26.791492
374120.712903	7647058.825259	286.004481	5179.192096	26.791492
374130.660124	7647057.819721	283.954405	5189.190011	26.791492
374140.642815	7647057.231619	282.004410	5199.190011	26.791492
374150.623277	7647056.608030	280.055577	5209.189935	26.791492
374160.601062	7647055.941840	278.108139	5219.189935	26.791492
374170.578889	7647055.276274	276.241519	5229.189935	26.791492
374180.556760	7647054.611377	274.461748	5239.189935	26.791492
374190.534631	7647053.946481	272.681976	5249.189935	26.791492
374200.512502	7647053.281584	270.902205	5259.189935	26.791492
374210.490373	7647052.616688	269.122433	5269.189935	26.791492
374220.468244	7647051.951792	267.342662	5279.189935	26.791492
374230.446116	7647051.286895	265.562891	5289.189935	26.791492
374240.417414	7647050.534325	263.889707	5299.189593	26.791492
374250.382893	7647049.704126	262.310897	5309.189593	26.791492
374260.348372	7647048.873927	260.732088	5319.189593	26.791492
374270.313851	7647048.043728	259.153279	5329.189593	26.791492
374280.279330	7647047.213529	257.574470	5339.189593	26.791492
374290.244809	7647046.383331	255.995661	5349.189593	26.791492
374300.228705	7647045.995818	254.589830	5359.181007	26.791492
374310.228705	7647045.995388	253.335249	5369.181007	26.791492
374320.228705	7647045.994958	252.080668	5379.181007	26.791492
374330.228705	7647045.994629	250.826089	5389.181007	26.791492
374340.228705	7647045.994366	249.571512	5399.181007	26.791492
374350.228705	7647045.994103	248.316934	5409.181007	26.791492
374360.097222	7647044.666216	246.705688	5419.138463	26.791492
374369.903018	7647042.704999	244.924297	5429.138463	26.791492
374379.708814	7647040.743782	243.142905	5439.138463	26.791492
374389.514609	7647038.782565	241.361514	5449.138463	26.791492
374399.320405	7647036.821348	239.580122	5459.138463	26.791492
374409.126201	7647034.860131	237.798731	5469.138463	26.791492
374418.945375	7647032.967973	235.909830	5479.138286	26.791492
374428.774132	7647031.125270	233.943937	5489.138286	26.791492
374438.602888	7647029.282568	231.978044	5499.138286	26.791492
374448.431644	7647027.439865	230.012151	5509.138286	26.791492
374458.260409	7647025.597209	228.134994	5519.138286	26.791492
374468.089183	7647023.754602	226.351459	5529.138286	26.791492
374477.917957	7647021.911995	224.567925	5539.138286	26.791492
374487.746731	7647020.069388	222.784390	5549.138286	26.791492
374497.575505	7647018.226782	221.000856	5559.138286	26.791492
374507.392279	7647016.322228	219.197070	5569.138104	26.791492
374517.198119	7647014.361236	217.374833	5579.138104	26.791492
374527.003960	7647012.400243	215.552597	5589.138104	26.791492
374536.809800	7647010.439251	213.730361	5599.138104	26.791492
374546.615641	7647008.478258	211.908124	5609.138104	26.791492
374556.421481	7647006.517266	210.085888	5619.138104	26.791492
374566.227322	7647004.556273	208.263652	5629.138104	26.791492
374576.006667	7647002.485999	206.444735	5639.134185	26.791492
374585.621773	7646999.738321	204.646395	5649.134185	26.791492
374595.213426	7646996.911597	202.838864	5659.133693	26.791492
374604.646017	7646993.616243	201.010383	5669.125347	26.791492
374613.930769	7646989.902297	199.172845	5679.125347	26.791492
374623.209823	7646986.176096	197.333413	5689.124618	26.791492
374632.033912	7646981.471264	195.342717	5699.124618	26.791492
374640.858002	7646976.766432	193.352021	5709.124618	26.791492
374649.682091	7646972.061600	191.361326	5719.124618	26.791492
374658.506180	7646967.356767	189.370630	5729.124618	26.791492
374667.330270	7646962.651935	187.379934	5739.124618	26.791492
374676.154359	7646957.947103	185.389238	5749.124618	26.791492
374685.096155	7646953.476996	183.267453	5759.121496	26.791492
374694.144531	7646949.219427	181.026970	5769.121496	26.791492
374703.192907	7646944.961858	178.786487	5779.121496	26.791492
374712.241283	7646940.704289	176.546004	5789.121496	26.791492
374721.319608	7646936.515595	174.343753	5799.119552	26.791492
374730.604263	7646932.801410	172.404893	5809.119552	26.791492
374739.888919	7646929.087225	170.466033	5819.119552	26.791492
374749.173574	7646925.373040	168.527173	5829.119552	26.791492
374758.458230	7646921.658855	166.588314	5839.119552	26.791492
374767.742885	7646917.944669	164.649454	5849.119552	26.791492
374777.193704	7646914.684042	162.676996	5859.117035	26.791492
374786.680374	7646911.521277	160.697288	5869.117035	26.791492
374796.167045	7646908.358512	158.717581	5879.117035	26.791492
374805.653715	7646905.195747	156.737874	5889.117035	26.791492
374815.140386	7646902.032982	154.758167	5899.117035	26.791492
374824.627056	7646898.870217	152.778459	5909.117035	26.791492
374833.950182	7646895.285824	150.657066	5919.105456	26.791492
374843.088229	7646891.224285	148.375330	5929.105456	26.791492
374852.197125	7646887.099236	146.089354	5939.104857	26.791492
374860.737457	7646882.072052	144.024267	5949.014945	26.791492
374868.171027	7646875.383103	142.474232	5959.014945	26.791492
374875.604596	7646868.694154	140.924198	5969.014945	26.791492
374883.038166	7646862.005205	139.374164	5979.014945	26.791492
374890.471736	7646855.316256	137.824130	5989.014945	26.791492
374897.905306	7646848.627307	136.274095	5999.014945	26.791492
374905.338876	7646841.938358	134.724061	6009.014945	26.791492
374912.772446	7646835.249409	133.174027	6019.014945	26.791492
374920.206016	7646828.560459	131.623993	6029.014945	26.791492
374927.639585	7646821.871510	130.073958	6039.014945	26.791492
374935.073155	7646815.182561	128.523924	6049.014945	26.791492
374942.506725	7646808.493612	126.973890	6059.014945	26.791492
374951.857349	7646805.958388	125.573605	6068.703160	26.791492
374960.802094	7646801.487200	124.192421	6078.703160	26.791492
374969.746840	7646797.016011	122.811237	6088.703160	26.791492
374978.691585	7646792.544822	121.430054	6098.703160	26.791492
374987.636330	7646788.073633	120.048870	6108.703160	26.791492
374996.581076	7646783.602445	118.667686	6118.703160	26.791492
375005.525821	7646779.131256	117.286502	6128.703160	26.791492
375014.470567	7646774.660067	115.905318	6138.703160	26.791492
375023.415312	7646770.188879	114.524135	6148.703160	26.791492
375032.360058	7646765.717690	113.142951	6158.703160	26.791492
375041.056391	7646760.803477	111.926627	6168.691939	26.791492
375049.536749	7646755.504087	110.853636	6178.691939	26.791492
375058.017107	7646750.204697	109.780645	6188.691939	26.791492
375066.497362	7646744.905144	108.743620	6198.691939	26.791492
375074.977382	7646739.605213	107.789279	6208.691939	26.791492
375083.457402	7646734.305283	106.834938	6218.691939	26.791492
375091.937422	7646729.005352	105.880597	6228.691939	26.791492
375100.417442	7646723.705422	104.926256	6238.691939	26.791492
375109.087861	7646718.941266	103.978370	6248.585036	26.791492
375119.010690	7646717.701315	103.072940	6258.585036	26.791492
375128.913514	7646716.324118	102.187955	6268.583166	26.791492
375138.777447	7646714.680092	101.342720	6278.583166	26.791492
375148.641380	7646713.036065	100.497485	6288.583166	26.791492
375158.505314	7646711.392039	99.652250	6298.583166	26.791492
375168.369247	7646709.748012	98.807014	6308.583166	26.791492
375178.233180	7646708.103986	97.961779	6318.583166	26.791492
375188.097113	7646706.459959	97.116544	6328.583166	26.791492
375197.961046	7646704.815933	96.271309	6338.583166	26.791492
375207.626898	7646702.293523	95.489160	6348.572723	26.791492
375217.303053	7646699.807720	94.720247	6358.563078	26.791492
375227.141558	7646698.017797	93.943372	6368.563078	26.791492
375236.980063	7646696.227875	93.166496	6378.563078	26.791492
375244.713536	7646690.015520	92.212077	6388.482753	26.791492
375252.306607	7646683.508195	91.245816	6398.482753	26.791492
375259.899677	7646677.000870	90.279555	6408.482753	26.791492
375267.492748	7646670.493545	89.313293	6418.482753	26.791492
375275.085819	7646663.986220	88.347032	6428.482753	26.791492
375282.678889	7646657.478895	87.380771	6438.482753	26.791492
375290.271960	7646650.971570	86.414510	6448.482753	26.791492
375297.865031	7646644.464245	85.448248	6458.482753	26.791492
375305.555075	7646638.077823	84.463443	6468.478911	26.791492
375313.735777	7646632.333220	83.415178	6478.475127	26.791492
375322.967745	7646629.091288	82.473751	6488.259777	26.791492
375332.831772	7646627.447821	81.608640	6498.259777	26.791492
375342.695798	7646625.804354	80.743530	6508.259777	26.791492
375352.559824	7646624.160887	79.878419	6518.259777	26.791492
375362.423851	7646622.517419	79.013309	6528.259777	26.791492
375372.287877	7646620.873952	78.148199	6538.259777	26.791492
375382.151903	7646619.230485	77.283088	6548.259777	26.791492
375392.015930	7646617.587018	76.417978	6558.259777	26.791492
375401.934708	7646616.319258	75.651301	6568.259246	26.791492
375411.857519	7646615.079168	74.891873	6578.259246	26.791492
375421.780330	7646613.839078	74.132445	6588.259246	26.791492
375431.703141	7646612.598988	73.373017	6598.259246	26.791492
375441.625952	7646611.358898	72.613589	6608.259246	26.791492
375451.548763	7646610.118808	71.854161	6618.259246	26.791492
375461.471583	7646608.878791	71.082714	6628.259246	26.791492
375471.394504	7646607.639581	70.177280	6638.259246	26.791492
375481.317425	7646606.400372	69.271846	6648.259246	26.791492
375491.255714	7646605.291478	68.366498	6658.259208	26.791492
375501.194680	7646604.188319	67.461154	6668.259208	26.791492
375511.150371	7646603.387296	66.531328	6678.247072	26.791492
375521.150371	7646603.386666	65.536646	6688.247072	26.791492
375531.150371	7646603.386037	64.541964	6698.247072	26.791492
375541.150371	7646603.385407	63.547282	6708.247072	26.791492
375551.150371	7646603.384778	62.552600	6718.247072	26.791492
375561.150371	7646603.384148	61.557918	6728.247072	26.791492
375571.150371	7646603.383525	60.551300	6738.247072	26.791492
375581.150371	7646603.383076	59.235391	6748.247072	26.791492
375591.150371	7646603.382626	57.919483	6758.247072	26.791492
375601.150371	7646603.382177	56.603574	6768.247072	26.791492
375611.150371	7646603.381727	55.287665	6778.247072	26.791492
375621.150371	7646603.381277	53.971756	6788.247072	26.791492
375631.150371	7646603.380828	52.655848	6798.247072	26.791492
375640.886674	7646601.342453	50.771040	6808.194462	26.791492
375650.557441	7646598.797603	48.744847	6818.194462	26.791492
375660.209734	7646596.198109	46.726234	6828.190667	26.791492
375669.440733	7646592.352506	44.880477	6838.190667	26.791492
375678.671732	7646588.506904	43.034720	6848.190667	26.791492
375687.902731	7646584.661302	41.188964	6858.190667	26.791492
375697.133730	7646580.815699	39.343207	6868.190667	26.791492
375706.364729	7646576.970097	37.497451	6878.190667	26.791492
375715.595728	7646573.124494	35.651694	6888.190667	26.791492
375724.826618	7646569.278631	34.166439	6898.190667	26.791492
375734.057478	7646565.432696	32.780533	6908.190667	26.791492
375743.288338	7646561.586760	31.394627	6918.190667	26.791492
375752.705486	7646558.303216	29.951139	6928.163849	26.791492
375762.406937	7646555.877964	28.419773	6938.163849	26.791492
